"x" "densidad" "result.2" "result.3" "result.4" "result.5" "result.6" "result.7" "result.8" "result.9" "result.10"
"1" 10 5.67853309909437e-05 3.91834359896961e-05 4.11422279862337e-05 4.14043238591088e-05 1.0080712075572e-05 2.97008195506212e-05 3.18163794305055e-05 2.09316054431045e-05 7.16144117738408e-05 1.72195445004948e-05
"2" 66.4046822742475 6.98907438282299e-05 5.02168919003515e-05 5.25627944304129e-05 5.13816721779571e-05 1.47144904641056e-05 3.90604460067574e-05 4.08647853451272e-05 3.06286285754845e-05 8.04799557997355e-05 2.51652193265146e-05
"3" 122.809364548495 8.4508170688721e-05 6.31216865158547e-05 6.5737202397833e-05 6.28230114516651e-05 2.08356125464952e-05 5.01368483766582e-05 5.15326921088654e-05 4.30642683643581e-05 9.02772318955204e-05 3.54675350286188e-05
"4" 179.214046822742 0.000100523485024709 7.79179878838216e-05 8.06139982373728e-05 7.57436025404372e-05 2.86839151322464e-05 6.2934668580427e-05 6.38783561293303e-05 5.83919739656654e-05 0.000101026705705477 4.83549432660749e-05
"5" 235.61872909699 0.000117779679476619 9.4566362183732e-05 9.70823702848869e-05 9.01225148960764e-05 3.84706813520312e-05 7.7397097779546e-05 7.79161920533164e-05 7.66087898089791e-05 0.000112734678011195 6.39508779977182e-05
"6" 292.023411371237 0.000136083530339048 0.000112966183475752 0.000114976744733464 0.000105901204318602 5.0361544512203e-05 9.34077286797485e-05 9.36131956013285e-05 9.75458505995931e-05 0.000125391120666316 8.22548003190617e-05
"7" 348.428093645485 0.000155213525506011 0.000132957361261387 0.000134084291942429 0.000122983627438657 6.44614714830802e-05 0.000110796108102735 0.000110887640677021 0.000120876700617394 0.000138967840120764 0.000103134555001502
"8" 404.832775919732 0.000174928430971005 0.000154325151325942 0.000154154522349673 0.000141237858117746 8.08032368594888e-05 0.000129346191143401 0.000129610078355837 0.000146141057613508 0.000153417079040278 0.000126330459312272
"9" 461.23745819398 0.000194975929375606 0.000176807598987804 0.000174910097189553 0.00016049908726519 9.93403867727024e-05 0.000148806745780338 0.00014960650543859 0.000172779626454763 0.000168670654881927 0.000151469940414205
"10" 517.642140468227 0.000215100857954054 0.000200105012202455 0.000196058020587325 0.000180573819037416 0.000119945192748834 0.000168902736553709 0.000170663437073009 0.000200174673724413 0.000184639715284154 0.000178090350533681
"11" 574.046822742475 0.000235052684748446 0.000223890779786421 0.000217300489868664 0.000201245026081629 0.000142411589311091 0.000189346799602372 0.000192534519449644 0.000227691215462819 0.000201215164782216 0.000205666939874654
"12" 630.451505016722 0.00025459197644557 0.00024782283371779 0.000238344832102082 0.000222277995559763 0.000166462639943713 0.000209850074001138 0.0002149482579555 0.000254714565270261 0.000218268787213116 0.000233642847010322
"13" 686.85618729097 0.000273495717772295 0.000271555094271576 0.000258912121756421 0.000243426585622127 0.000191761730183524 0.000230131841663158 0.000237616412494667 0.000280681288712648 0.000235655055189934 0.000261458274330827
"14" 743.260869565217 0.000291561434163932 0.000294748319271205 0.000278744236917018 0.000264439616968204 0.000217926466797523 0.000249927621215959 0.000260242620895822 0.000305101991174815 0.000253213584414917 0.000288576605516112
"15" 799.665551839465 0.000308610142913723 0.000317079889288053 0.000297609255907025 0.000285067143401487 0.000244544170183701 0.000268995539083927 0.000282530847305548 0.000327575594362169 0.000270772158632455 0.000314505941570137
"16" 856.070234113712 0.000324488212451406 0.000338252185067331 0.000315305214424932 0.00030506637560516 0.000271187869123941 0.000287120950405614 0.000304193308082634 0.000347795697945126 0.000288150222828358 0.000338815253670713
"17" 912.47491638796 0.000339068245920181 0.000357999339532114 0.000331662332384637 0.000324207070314508 0.000297431818458786 0.000304119397333988 0.000324957595696145 0.000365550234374241 0.00030516271967653 0.000361144984309693
"18" 968.879598662207 0.000352249126130412 0.000376092264754288 0.000346543880162314 0.000342276239331646 0.000322865732346523 0.000319838072120934 0.000344572794758529 0.000380715928996338 0.000321624128577913 0.000381212421944813
"19" 1025.28428093645 0.000363955367138157 0.00039234195748046 0.000359845888968731 0.000359082076432356 0.000347107130004046 0.000334156000280294 0.000362814457843142 0.000393249134002729 0.00033735255874052 0.000398812511914403
"20" 1081.6889632107 0.000374135916118427 0.000406601171114392 0.000371495923950075 0.000374457042627836 0.000369811402282496 0.000346983180265092 0.000379488377610095 0.00040317448690386 0.000352173747838741 0.000413814956004582
"21" 1138.09364548495 0.000382762540684681 0.000418764605836748 0.000381451136205387 0.000388260089471831 0.000390679406622835 0.000358258916521415 0.000394433152746905 0.000410572622816405 0.000365924825522146 0.000426158518406656
"22" 1194.4983277592 0.000389827923795449 0.000428767812053964 0.000389695795875825 0.000400378034701617 0.000409462571435584 0.000367949568454915 0.000407521596295673 0.000415567903406108 0.000378457715573861 0.000435843427257086
"23" 1250.90301003344 0.000395343572894514 0.000436585027267926 0.00039623848696654 0.000410726133549126 0.000425965631083231 0.000376045914086958 0.000418661075137945 0.00041831685670672 0.000389642070603074 0.000442922669415865
"24" 1307.30769230769 0.000399337633510153 0.000442226175294781 0.000401109119048305 0.000419247912106284 0.000440047216634871 0.000382560298381043 0.000427792898675457 0.000418997778730145 0.000399367657280645 0.00044749284903686
"25" 1363.71237458194 0.000401852681329769 0.000445733252541893 0.00040435588412876 0.00042591434612348 0.000451618596390412 0.000387523705772053 0.000434890893685397 0.00041780174439161 0.000407546136642412 0.000449685139768861
"26" 1420.11705685619 0.00040294355154406 0.000447176311896458 0.000406042260729007 0.000430722479826467 0.000460640897395183 0.000390982866757413 0.000439959312014997 0.000414925116748544 0.000414112211240609 0.000449656722053793
"27" 1476.52173913043 0.00040267525049741 0.000446649233665998 0.000406244142857867 0.000433693585253806 0.000467121149854386 0.000392997481103003 0.000443030219569183 0.000410563528408718 0.000419024137384374 0.000447582971340467
"28" 1532.92642140468 0.000401120982634974 0.000444265447607107 0.000405047149925901 0.000434870963902424 0.000471107486209919 0.00039363761619344 0.000444160510422759 0.000404907231987574 0.000422263625048699 0.000443650555842519
"29" 1589.33110367893 0.000398360315476911 0.000440153742644886 0.000402544155058587 0.00043431748987058 0.00047268380133057 0.000392981318716555 0.000443428680350067 0.000398137670784356 0.000423835169194391 0.000438051515930847
"30" 1645.73578595318 0.000394477496832182 0.000434454273236874 0.000398833053827632 0.000432112987986792 0.000471964144986104 0.000391112461247549 0.00044093148102395 0.000390425099204543 0.000423764873486288 0.000430978331085657
"31" 1702.14046822742 0.000389559931566339 0.000427314844848163 0.000394014782991408 0.00042835153237811 0.000469087076985968 0.000388118832176915 0.000436780560864876 0.000381927078235338 0.000422098840296509 0.000422619932714486
"32" 1758.54515050167 0.000383696819793108 0.000418887536649345 0.000388191589159923 0.000423138741281706 0.000464210172672213 0.000384090467449938 0.000431099182116267 0.00037278767881704 0.000418901209308056 0.000413158589420249
"33" 1814.94983277592 0.000376977954181483 0.000409325697943459 0.00038146554004731 0.000416589133289155 0.00045750482461276 0.000379118215325352 0.000424019087088226 0.000363137240710881 0.000414251931130615 0.000402767572532072
"34" 1871.35451505017 0.00036949267096794 0.000398781336295995 0.000373937265788759 0.00040882359919522 0.000449151447298092 0.000373292520368839 0.000415677570361706 0.000353092553006124 0.000408244362460873 0.000391609501004317
"35" 1927.75919732441 0.00036132894705554 0.00038740289997467 0.000365704914325875 0.000399967032671254 0.000439335156662283 0.000366702409742671 0.000406214798611145 0.00034275734226896 0.000400982765981589 0.000379835263528666
"36" 1984.16387959866 0.00035257263410111 0.00037533344502006 0.000356863302773521 0.00039014615247189 0.000428241966019191 0.000359434663142219 0.000395771405955101 0.00033222297384731 0.000392579792019885 0.000367583419650854
"37" 2040.56856187291 0.000343306819590797 0.000362709167858121 0.000347503245675362 0.000379487539096578 0.000416055514772398 0.000351573147119314 0.000384486380610338 0.000321569289970614 0.000383154010649652 0.000354979989008922
"38" 2096.97324414716 0.000333611304455261 0.000349658277545858 0.000337711040876166 0.000368115899964985 0.00040295432593951 0.000343198294728913 0.000372495248216525 0.000310865524450681 0.000372827553103828 0.000342138547082252
"39" 2153.3779264214 0.000323562186671495 0.000336300177183022 0.000327568094168457 0.000356152569354383 0.00038910957281651 0.000334386712199435 0.000359928548533896 0.000300171247759627 0.000361723910702864 0.000329160555985929
"40" 2209.78260869565 0.000313231540449458 0.00032274492138121 0.000317150664729433 0.000343714242650849 0.000374683323541031 0.000325210895465332 0.000346910595240221 0.000289537308017762 0.000349965928584479 0.000316135869092397
"41" 2266.1872909699 0.000302687180936889 0.000309092915617531 0.000306529714506646 0.000330911938895453 0.000359827224362889 0.000315739040762908 0.000333558503159383 0.000279006743092009 0.000337674020831447 0.00030314335808907
"42" 2322.59197324415 0.000291992504837327 0.000295434823492909 0.000295770846023966 0.000317850181130699 0.000344681577538396 0.00030603493496261 0.00031998146329937 0.000268615646786995 0.000324964623537579 0.000290251620157561
"43" 2378.99665551839 0.000281206397879912 0.000281851649073782 0.000284934314475591 0.000304626380608776 0.000329374767384232 0.000296157912809222 0.000306280243399055 0.000258393978245384 0.000311948893227782 0.000277519731105689
"44" 2435.40133779264 0.000270383200670891 0.000268414963363225 0.000274075101390413 0.000291330408426574 0.000314022987644544 0.000286162869705794 0.000292546890107783 0.000248366308407643 0.000298731650061382 0.000264998017422058
"45" 2491.80602006689 0.000259572725070098 0.00025518724630209 0.000263243038534836 0.000278044336503042 0.000298730224478617 0.000276100320067906 0.00027886460827577 0.000238552500950281 0.000285410558516393 0.00025272882635418
"46" 2548.21070234114 0.000248820313852466 0.000242222318357726 0.000252482972046879 0.000264842328904755 0.000283588451660818 0.000266016492566719 0.000265307792949507 0.000228968327740475 0.00027207553281773 0.000240747278282854
"47" 2604.61538461538 0.000238166937021295 0.000229565838565918 0.000241834958037118 0.000251790664245173 0.000268677997654282 0.000255953454758816 0.0002519421903881 0.000219626020703357 0.000258808350212779 0.000229081989955705
"48" 2661.02006688963 0.000227649318727619 0.000217255848731346 0.000231334482040325 0.000238947870124057 0.000254068047788348 0.000245949260662586 0.000238825165601852 0.00021053476325808 0.000245682452241973 0.000217755760644708
"49" 2717.42474916388 0.000217300089312493 0.000205323346271123 0.000221012695750012 0.000226364951232858 0.000239817248604728 0.000236038115785869 0.000226006055436923 0.000201701125276006 0.000232762912292789 0.000206786216105048
"50" 2773.82943143813 0.000207147957522709 0.000193792870837059 0.000210896665415458 0.000214085693734395 0.000225974385356122 0.000226250554942198 0.00021352658798017 0.000193129445960729 0.000220106546831451 0.000196186407433215
"51" 2830.23411371237 0.000197217898453668 0.000182683092327977 0.000201009627129575 0.000202147029744789 0.000212579107503664 0.000216613628920874 0.000201421350943173 0.000184822169235475 0.000207762147633618 0.000185965363642936
"52" 2886.63879598662 0.000187531353244866 0.00017200739017324 0.000191371244990994 0.000190579447126497 0.000199662680763419 0.000207151096708023 0.000189718293627008 0.000176780136220744 0.000195770812935175 0.000176128598082143
"53" 2943.04347826087 0.000178106436994223 0.000161774415816003 0.000181997868790918 0.000179407431277766 0.000187248747725425 0.000197883620501118 0.000178439249007105 0.000169002839250193 0.00018416635655248 0.000166678569777357
"54" 2999.44816053512 0.000168958151767556 0.000151988632143632 0.000172902788461579 0.000168649927120744 0.000175354082264831 0.000188828961228036 0.000167600464361841 0.000161488641649647 0.000172975775542205 0.00015761510147866
"55" 3055.85284280936 0.000160098601960205 0.000142650825205645 0.000164096483035733 0.000158320811002408 0.000163989325857372 0.000180002172682557 0.00015721313066225 0.000154234967225585 0.000162219758761401 0.00014893575664448
"56" 3112.25752508361 0.000151537209620107 0.000133758584934871 0.000155586862312529 0.00014842936369311 0.000153159696490182 0.000171415792730242 0.000147283902616964 0.000147238463100706 0.000151913220640577 0.000140636177897865
"57" 3168.66220735786 0.000143280927666835 0.000125306752757993 0.00014737949981141 0.000138980737069094 0.000142865663125532 0.000163080030329692 0.000137815402808466 0.000140495139213171 0.000142065846504916 0.000132710389643776
"58" 3225.06688963211 0.000135334449240456 0.00011728783496288 0.000139477855928749 0.000129976408377157 0.000133103580639762 0.000155002947361524 0.000128806704753553 0.000134000487476006 0.000132682637795779 0.000125151067592649
"59" 3281.47157190635 0.000127700411688876 0.000109692381499235 0.000131883490497859 0.000121414617187872 0.000123866281839348 0.000147190634467425 0.000120253790968377 0.000127749583282869 0.000123764447496921 0.000117949777914997
"60" 3337.8762541806 0.000120379593953646 0.00010250933054398 0.000124596264197303 0.000113290781239646 0.000115143624571238 0.000139647380279829 0.000112149983216971 0.000121737171751955 0.00011530849791231 0.000111097188676473
"61" 3394.28093645485 0.000113371106343323 9.57263196813226e-05 0.000117614528460076 0.000105597888355662 0.000106922993118741 0.000132375833574062 0.000104486343075999 0.000115957740824873 0.000107308874643103 0.0001045832560891
"62" 3450.6856187291 0.000106672571891422 8.93299649469386e-05 0.00011093530371172 9.83268624790222e-05 9.91897540313243e-05 0.00012537715800323 9.72520417646591e-05 0.000110405583083794 9.97569921497105e-05 9.83973879755517e-05
"63" 3507.09030100334 0.000100280298683824 8.33061092825097e-05 0.000104554445912747 9.14669026209505e-05 9.19276673013294e-05 0.000118651179185287 9.04346988760882e-05 0.000105074847918951 9.26420276498287e-05 9.25285866894802e-05
"64" 3563.49498327759 9.41894427092833e-05 7.76400421562599e-05 9.84668015034601e-05 8.50057941577708e-05 8.51192543963151e-05 0.000112196524004521 8.40206902155194e-05 9.99595854693195e-05 8.59513212917544e-05 8.69655735737334e-05
"65" 3619.89966555184 8.83941609374424e-05 7.2316692241104e-05 9.26663509505005e-05 7.89301924510447e-05 7.8746125105165e-05 0.000106010752068641 7.7995425411878e-05 9.50537835714996e-05 7.96707415571196e-05 8.16968968755189e-05
"66" 3676.30434782609 8.28877544623966e-05 6.73207951170711e-05 8.71463411769767e-05 7.32258792096046e-05 7.27892654803102e-05 0.000100090479329763 7.23435963345722e-05 9.03513987842767e-05 7.37850156961495e-05 7.67110248774865e-05
"67" 3732.70903010033 7.76628016674714e-05 6.26370379900527e-05 8.18994072242748e-05 6.78779923705997e-05 6.72292893766636e-05 9.44314939346686e-05 6.7049397627233e-05 8.58463824076638e-05 6.82780256926413e-05 7.19964258491477e-05
"68" 3789.11371237458 7.27112814693896e-05 5.82501834044599e-05 7.69176835458053e-05 6.28712305578881e-05 6.20466562177712e-05 8.90288644180567e-05 6.20967208758241e-05 8.15327022840931e-05 6.31330708083928e-05 6.75416362761005e-05
"69" 3845.51839464883 6.80246867883756e-05 5.41451738816511e-05 7.21929053728119e-05 5.8190033388911e-05 5.72218576768462e-05 8.38770403933794e-05 5.74693240701904e-05 7.74043610542024e-05 5.83330981823161e-05 6.33353186863915e-05
"70" 3901.92307692308 6.35941284659893e-05 5.03072193463604e-05 6.7716500621705e-05 5.38187390541833e-05 5.27355759586821e-05 7.89699459301743e-05 5.31509781053155e-05 7.34554114389293e-05 5.38609032730338e-05 5.93663102647091e-05
"71" 3958.32775919732 5.94104299155281e-05 4.67218691161115e-05 6.3479672832568e-05 4.9741720694919e-05 4.85688163200687e-05 7.43010658353995e-05 4.9125592110145e-05 6.96799690319296e-05 4.9699302150355e-05 5.56236633262393e-05
"72" 4014.73244147157 5.54642128416466e-05 4.3375070129e-05 5.9473475640874e-05 4.59435031618215e-05 4.47030163817584e-05 6.98635250797863e-05 4.53773193958147e-05 6.60722230103021e-05 4.58312777751162e-05 5.20966786128441e-05
"73" 4071.13712374582 5.1745974407365e-05 4.02532129776669e-05 5.56888792901221e-05 4.24088617588266e-05 4.11201346732831e-05 6.56501616292525e-05 4.18906457886596e-05 6.26264451059642e-05 4.224010247203e-05 4.87749322745092e-05
"74" 4127.54180602007 4.82461562587913e-05 3.73431672053551e-05 5.21168296931239e-05 3.9122904566112e-05 3.78027207206241e-05 6.16535929564093e-05 3.86504620628414e-05 5.93369971236059e-05 3.89094388089158e-05 4.56482973083032e-05
"75" 4183.94648829431 4.4955205841565e-05 3.46323072065447e-05 4.87483005448578e-05 3.60711399028319e-05 3.47339688422982e-05 5.78662765185828e-05 3.56421221183694e-05 5.61983372428645e-05 3.58234210592674e-05 4.27069601448916e-05
"76" 4240.35117056856 4.18636304591257e-05 3.21085299621208e-05 4.55743389810234e-05 3.32395304370065e-05 3.18977576671536e-05 5.42805644969246e-05 3.28514884675161e-05 5.32050253012392e-05 3.29667193535847e-05 3.99414329983867e-05
"77" 4296.75585284281 3.89620445322472e-05 2.97602657291079e-05 4.25861052642982e-05 3.06145353823586e-05 2.92786772313872e-05 5.08887530964097e-05 3.02649665002568e-05 5.03517272194104e-05 3.03245885269799e-05 3.73425625283781e-05
"78" 4353.16053511706 3.62412105226784e-05 2.75764826990962e-05 3.97749069654854e-05 2.8183142143607e-05 2.68620453564927e-05 4.76831267091278e-05 2.78695289008662e-05 4.76332187012423e-05 2.78829035538171e-05 3.49015353027988e-05
"79" 4409.5652173913 3.36920739819484e-05 2.55466865385498e-05 3.7132228089766e-05 2.59328886861828e-05 2.46339148567711e-05 4.46559972435301e-05 2.56527314860737e-05 4.50443883161275e-05 2.56281833308837e-05 3.26098804962317e-05
"80" 4465.96989966555 3.13057931801517e-05 2.36609156289288e-05 3.46497535796073e-05 2.38518778163997e-05 2.25810729767956e-05 4.17997389204413e-05 2.36027216325798e-05 4.25802400508171e-05 2.35476044341329e-05 3.04594702098084e-05
"81" 4522.3745819398 2.90737637595092e-05 2.19097327353961e-05 3.23193896059757e-05 2.19287844661572e-05 2.06910343174047e-05 3.91068188329284e-05 2.17082403601883e-05 4.02358954009308e-05 2.16290063346794e-05 2.8442517755448e-05
"82" 4578.77926421405 2.69876388443244e-05 2.02842137500602e-05 3.0133280038692e-05 2.01528569842437e-05 1.89520283745306e-05 3.65698235617565e-05 1.99586190378114e-05 3.80065950584293e-05 1.98608894209345e-05 2.65515742083523e-05
"83" 4635.18394648829 2.50393450232047e-05 1.87759340792754e-05 2.8083819465407e-05 1.85139133457975e-05 1.73529826892018e-05 3.41814821313567e-05 1.83437715843118e-05 3.58877002400273e-05 1.82324070382169e-05 2.47795234969375e-05
"84" 4691.58862876254 2.32210946016206e-05 1.73769531744385e-05 2.6163663107022e-05 1.7002333103704e-05 1.58835024898467e-05 3.19346855831931e-05 1.68541829454261e-05 3.3874693692436e-05 1.67333526269064e-05 2.31195762683433e-05
"85" 4747.99331103679 2.15253945035154e-05 1.60797976418073e-05 2.43657339556815e-05 1.5609045821601e-05 1.45338475997516e-05 2.98225034343222e-05 1.54808945424526e-05 3.19631804030939e-05 1.53541429167007e-05 2.15652627399168e-05
"86" 4804.39799331104 1.99450521801826e-05 1.48774433089006e-05 2.26832274399397e-05 1.43255166484013e-05 1.32949072831935e-05 2.78381972789732e-05 1.42154873083853e-05 3.01488880393909e-05 1.40857980187939e-05 2.01104247222898e-05
"87" 4860.80267558528 1.84731788633815e-05 1.37632965727276e-05 2.11096139005044e-05 1.31437296193067e-05 1.21581736132102e-05 2.59752317803017e-05 1.30500628529423e-05 2.8427667135033e-05 1.29199191504358e-05 1.87492069775324e-05
"88" 4917.20735785953 1.71031904780046e-05 1.27311753081115e-05 1.96386391392637e-05 1.20561691984587e-05 1.11157138619058e-05 2.42272832882443e-05 1.19772232295356e-05 2.67954910389195e-05 1.18486646276707e-05 1.74760480560991e-05
"89" 4973.61204013378 1.58288065078391e-05 1.17752895723799e-05 1.8264323284198e-05 1.10558005137981e-05 1.01601423402493e-05 2.25882463077647e-05 1.09900497146226e-05 2.52484556394995e-05 1.08647246721365e-05 1.62856707386287e-05
"90" 5030.01672240803 1.46440470863261e-05 1.08902223053279e-05 1.6980958193393e-05 1.01360486754113e-05 9.28459204806489e-06 2.10522380298745e-05 1.00820809529242e-05 2.37827788758896e-05 9.961295496498e-06 1.51730721928952e-05
"91" 5086.42140468227 1.35432285629415e-05 1.00709101902618e-05 1.57831036027602e-05 9.29077751454436e-06 8.48268643587088e-06 1.96136011257473e-05 9.24729077048587e-06 2.23948000458979e-05 9.13205306010382e-06 1.41335139421358e-05
"92" 5142.82608695652 1.25209577750736e-05 9.31262481275868e-06 1.4665582204306e-05 8.51426803142961e-06 7.74851152788889e-06 1.82669049921395e-05 8.48006591124411e-06 2.10809789204157e-05 8.37112682139773e-06 1.31625117284132e-05
"93" 5199.23076923077 1.15721252352049e-05 8.61095422816347e-06 1.36234738249117e-05 7.80119679587804e-06 7.07658860940951e-06 1.70069456242839e-05 7.77518391134487e-06 1.98378946732801e-05 7.67307375601719e-06 1.22558253434627e-05
"94" 5255.63545150502 1.06918974239408e-05 7.96178502648868e-06 1.26521088596173e-05 7.14661450500623e-06 6.46184764125904e-06 1.58287442805167e-05 7.12779128863103e-06 1.86622446355986e-05 7.03285285885625e-06 1.14094484894685e-05
"95" 5312.04013377926 9.87570836104519e-06 7.36128496394383e-06 1.17470610983633e-05 6.545924867208e-06 5.89960152886067e-06 1.47275450912162e-05 6.53338219214571e-06 1.75508428835948e-05 6.4458003041173e-06 1.06195987232952e-05
"96" 5368.44481605351 9.11925060922805e-06 6.80588621352476e-06 1.09041400710363e-05 5.99486395026194e-06 5.38552134284365e-06 1.3698811753237e-05 5.98777762785527e-06 1.65006186692085e-05 5.9076053989777e-06 9.8827075297551e-06
"97" 5424.84949832776 8.41846584900599e-06 6.29226927265294e-06 1.01193830224829e-05 5.48948010398265e-06 4.91561256186416e-06 1.27382234399767e-05 5.48710535175212e-06 1.55086147029223e-05 5.41428743340997e-06 9.19541056241365e-06
"98" 5481.25418060201 7.76953514757234e-06 5.81734755352014e-06 9.38904661688687e-06 5.02611454377566e-06 4.48619238582715e-06 1.18416700465513e-05 5.02778049973343e-06 1.45719852985574e-05 4.96217350039312e-06 8.55453808414297e-06
"99" 5537.65886287625 7.16886903026223e-06 5.37825267132748e-06 8.70959845953027e-06 4.60138266054615e-06 4.0938681486309e-06 1.10052468793324e-05 4.60648700485707e-06 1.36879943900389e-05 4.54787733673243e-06 7.95710563404303e-06
"100" 5594.0635451505 6.61309744988722e-06 4.9723204367952e-06 8.07770851344825e-06 4.21215610434944e-06 3.73551684351604e-06 1.02252488893303e-05 4.22015983645776e-06 1.28540134303635e-05 4.16827921449324e-06 7.40030494239027e-06
"101" 5650.46822742475 6.09905973692722e-06 4.59707755196355e-06 7.49024047881573e-06 3.85554567368241e-06 3.40826576073892e-06 9.49816453962322e-06 3.86596808188679e-06 1.20675191831932e-05 3.82050689620735e-06 6.88149511088421e-06
"102" 5706.872909699 5.6237946022766e-06 4.25022900222733e-06 6.94424319403258e-06 3.52888502913295e-06 3.10947422628215e-06 8.82066938824716e-06 3.54129888005746e-06 1.13260914176218e-05 3.50191765311982e-06 6.39819407158248e-06
"103" 5763.27759197324 5.18453025391993e-06 3.92964613258555e-06 6.43694210936944e-06 3.22971523898604e-06 2.83671642137153e-06 8.18961945967785e-06 3.24374220629562e-06 1.06274105167344e-05 3.21008133443463e-06 5.94807033449684e-06
"104" 5819.68227424749 4.77867467951869e-06 3.63335539209853e-06 5.96573087665791e-06 2.95577015509629e-06 2.5877652554199e-06 7.60204447026768e-06 2.97107649998722e-06 9.96925501056737e-06 2.94276446644993e-06 5.52893503081759e-06
"105" 5876.08695652174 4.403806138383e-06 3.35952772739705e-06 5.52816309181811e-06 2.70496260966738e-06 2.36057725942679e-06 7.05514096573569e-06 2.72125511997926e-06 9.34949904401029e-06 2.69791535333863e-06 5.1387342561034e-06
"106" 5932.49163879599 4.05766389863357e-06 3.10646860366573e-06 5.12194422097167e-06 2.47537141733092e-06 2.15327846260961e-06 6.54626542204764e-06 2.49239360744134e-06 8.7661097900446e-06 2.47365014585406e-06 4.77554171547672e-06
"107" 5988.89632107023 3.7381392484829e-06 2.87260862972261e-06 4.74492373544996e-06 2.26522916191301e-06 1.96415121193665e-06 6.07292735475383e-06 2.28275773176381e-06 8.21714481850804e-06 2.26823984017557e-06 4.43755167087253e-06
"108" 6045.30100334448 3.44326680442764e-06 2.6564947625467e-06 4.39508747613352e-06 2.0729107433529e-06 1.79162189210103e-06 5.6327824760614e-06 2.09075229190309e-06 7.70074943030595e-06 2.08009816623877e-06 4.12307218866504e-06
"109" 6101.70568561873 3.17121613369928e-06 2.4567820657845e-06 4.07055026321135e-06 1.89692265724877e-06 1.63424950216636e-06 5.22362593359072e-06 1.91491064325032e-06 7.21515396666682e-06 1.90777032302682e-06 3.83051868451953e-06
"110" 6158.11036789298 2.92028370351451e-06 2.27222599632385e-06 3.76954876358724e-06 1.73589297731738e-06 1.49071504449474e-06 4.84338565988395e-06 1.75388491847247e-06 6.75867110266701e-06 1.74992251726421e-06 3.55840776105665e-06
"111" 6214.51505016722 2.6888851654525e-06 2.10167519289656e-06 3.49043462474888e-06 1.58856200955106e-06 1.35981168151832e-06 4.49011585727822e-06 1.60643690974901e-06 6.32969313383532e-06 1.60533226160666e-06 3.30535133285385e-06
"112" 6270.91973244147 2.47554797961414e-06 1.9440647408047e-06 3.23166788091642e-06 1.45377358593027e-06 1.24043561633334e-06 4.1619906387065e-06 1.47142957930585e-06 5.92668926419668e-06 1.47287938863167e-06 3.07005103242055e-06
"113" 6327.32441471572 2.27890438004258e-06 1.79840988721321e-06 2.9918106346664e-06 1.33046696511186e-06 1.1315776538916e-06 3.85729784132363e-06 1.34781916504698e-06 5.5482029036358e-06 1.35153773759447e-06 2.85129289005334e-06
"114" 6383.72909698997 2.09768468015967e-06 1.66380018197086e-06 2.76952101495206e-06 1.21766930747828e-06 1.03231540066034e-06 3.57443302655163e-06 1.23464784832962e-06 5.19284898195937e-06 1.2403674719295e-06 2.64794227988612e-06
"115" 6440.13377926421 1.93071091465737e-06 1.53939401957761e-06 2.56354741047924e-06 1.11448869223147e-06 9.41806061951374e-07 3.31189367717503e-06 1.13103695145615e-06 4.85931128651846e-06 1.13850798676663e-06 2.45893912398323e-06
"116" 6496.53846153846 1.77689081233592e-06 1.42441355867921e-06 2.37272297572107e-06 1.02010764478257e-06 8.59279797627028e-07 3.06827359947123e-06 1.03618063320926e-06 4.54633982972497e-06 1.045171367227e-06 2.2832933459673e-06
"117" 6552.94314381271 1.63521209276465e-06 1.31813999631171e-06 2.19596040543438e-06 9.33777143471891e-07 7.84033598524602e-07 2.84225753601092e-06 9.49340051687888e-07 4.25274825226467e-06 9.59636359907123e-07 2.12008056541384e-06
"118" 6609.34782608696 1.50473707832098e-06 1.21990917501866e-06 2.03224697235287e-06 8.54811075604898e-07 7.15425647662622e-07 2.63261599268741e-06 8.69837964768141e-07 3.97741126727853e-06 8.81242821704149e-07 1.96843802407132e-06
"119" 6665.7525083612 1.38459761210526e-06 1.12910750190279e-06 1.88063982175002e-06 7.82581113869513e-07 6.52870132066058e-07 2.43820028171106e-06 7.97053739680783e-07 3.71926215025824e-06 8.09386611940192e-07 1.82756073486678e-06
"120" 6722.15719063545 1.2739902714045e-06 1.04516815963547e-06 1.7402615157688e-06 7.16511985372814e-07 5.95832472845394e-07 2.25793778071457e-06 7.30418744434459e-07 3.47729027888643e-06 7.43514895575698e-07 1.69669784462461e-06
"121" 6778.5618729097 1.17217186575713e-06 9.67567590419351e-07 1.6102958197824e-06 6.56077106772706e-07 5.43824942962517e-07 2.09082740673821e-06 6.69412095095991e-07 3.25053872654857e-06 6.83121827135484e-07 1.57514920144981e-06
"122" 6834.96655518395 1.07845520822986e-06 8.9582223487013e-07 1.48998372256334e-06 6.00794560257097e-07 4.9640264389554e-07 1.93593530268147e-06 6.13556734244979e-07 3.03810191275732e-06 6.27744586783943e-07 1.46226211780092e-06
"123" 6891.37123745819 9.9220514823126e-07 8.29485508744135e-07 1.37861968167915e-06 5.50223386419506e-07 4.53159814159451e-07 1.79239073280255e-06 5.62415817231524e-07 2.83912331326145e-06 5.76959741761439e-07 1.35742832039253e-06
"124" 6947.77591973244 9.12834854035477e-07 7.68145001382068e-07 1.27554808528561e-06 5.03960171378589e-07 4.13726444337877e-07 1.6593821830015e-06 5.15589384168902e-07 2.65279323216462e-06 5.30379908118986e-07 1.26008107821885e-06
"125" 7004.18060200669 8.39802333152814e-07 7.1141988065984e-07 1.18015992133884e-06 4.61635906776147e-07 3.77765174923711e-07 1.53615366092226e-06 4.72711296875677e-07 2.47834663795419e-06 4.87650689352866e-07 1.16969250017058e-06
"126" 7060.58528428094 7.72607178745154e-07 6.58958490130714e-07 1.09188964518233e-06 4.22913102552411e-07 3.44968454846115e-07 1.42200119033761e-06 4.33446421234601e-07 2.31506106493939e-06 4.48447870137796e-07 1.08577099392317e-06
"127" 7116.98996655518 7.10787530427919e-07 6.1043612490546e-07 1.0102122364725e-06 3.87483133629989e-07 3.15055940073285e-07 1.31626949382603e-06 3.97488036651575e-07 2.16225458122155e-06 4.12474844881554e-07 1.00785887800078e-06
"128" 7173.39464882943 6.53917238012165e-07 5.65552973646452e-07 9.34640436475063e-07 3.55063802831926e-07 2.87772113121186e-07 1.21834885739721e-06 3.64555455471192e-07 2.01928382396804e-06 3.79460262272565e-07 9.35530139162546e-07
"129" 7229.79933110368 6.01603217008511e-07 5.24032214845827e-07 8.64722156886255e-07 3.25397103509653e-07 2.62884105666318e-07 1.12767217046275e-06 3.34391836331962e-07 1.88554210243575e-06 3.4915586836327e-07 8.68388327512252e-07
"130" 7286.20401337793 5.53482985027855e-07 4.85618256316072e-07 8.00038051497586e-07 2.98247166459369e-07 2.4017970775464e-07 1.04371213436804e-06 3.06762176521382e-07 1.76045756888961e-06 3.21334532025691e-07 8.06064581997053e-07
"131" 7342.60869565217 5.09222368562653e-07 4.50075107543017e-07 7.40199242223754e-07 2.73398376758165e-07 2.19465548319406e-07 9.6597863259223e-07 2.8145146941674e-07 1.64349145728635e-06 2.9578843783232e-07 7.48215779231003e-07
"132" 7399.01337792642 4.68513370008514e-07 4.17184875236222e-07 6.84845191243321e-07 2.50653647152323e-07 2.00565432868669e-07 8.94016255674497e-07 2.5826301407105e-07 1.5341363893435e-06 2.72327432556532e-07 6.9452279885386e-07
"133" 7455.41806020067 4.31072185181629e-07 3.8674637306041e-07 6.33641711254799e-07 2.29832835579058e-07 1.83318825280328e-07 8.27401973930098e-07 2.37016864924595e-07 1.43191474738683e-06 2.50777512554305e-07 6.44688898911831e-07
"134" 7511.82274247491 3.9663736199688e-07 3.58573837144507e-07 5.86279106121672e-07 2.10771295299498e-07 1.67579461650754e-07 7.65742951069825e-07 2.17548410491615e-07 1.33637711316679e-06 2.30979440285633e-07 5.98438195023044e-07
"135" 7568.22742474916 3.64968091388643e-07 3.32495739542808e-07 5.4247043446394e-07 1.93318546965424e-07 1.53214085084724e-07 7.0867449192566e-07 1.99707070689561e-07 1.24710077165318e-06 2.12787479162404e-07 5.55514237364905e-07
"136" 7624.63210702341 3.35842621976989e-07 3.08353692366824e-07 5.01949889046866e-07 1.77337062736298e-07 1.40101291192263e-07 6.55858117606982e-07 1.83355103246315e-07 1.16368827865847e-06 1.96068236772836e-07 5.1567867979172e-07
"137" 7681.03678929766 3.09056790401866e-07 2.86001435817618e-07 4.64471285116409e-07 1.62701153307656e-07 1.28130474874944e-07 6.06979761560336e-07 1.68366510340338e-07 1.08576609100064e-06 1.80699607333962e-07 4.78710035657775e-07
"138" 7737.4414715719 2.84422659663941e-07 2.65303903828099e-07 4.29806651132134e-07 1.49295949408707e-07 1.1720086974313e-07 5.61748080176429e-07 1.54626037301667e-07 1.0129832577969e-06 1.66569804966511e-07 4.44402515182605e-07
"139" 7793.84615384615 2.61767258220042e-07 2.46136361474249e-07 3.97744915649748e-07 1.37016469977755e-07 1.07220672209687e-07 5.19892871776508e-07 1.42028255829861e-07 9.45010171377441e-07 1.53576480074077e-07 4.12564939450432e-07
"140" 7850.2508361204 2.40931412981549e-07 2.28383608734839e-07 3.68090684404582e-07 1.25766769830843e-07 9.81062429578424e-08 4.81163598012407e-07 1.30476724770507e-07 8.81537376223634e-07 1.41625911744031e-07 3.83019726384255e-07
"141" 7906.65551839465 2.21768669753627e-07 2.11939245572285e-07 3.40663101942464e-07 1.15459160203824e-07 8.9781379084144e-08 4.45328001927249e-07 1.1988322203674e-07 8.22274434265528e-07 1.3063226967451e-07 3.55601944276073e-07
"142" 7963.0602006689 2.04144295030612e-07 1.96704993674387e-07 3.15294792434031e-07 1.06013496073054e-07 8.217665077492e-08 4.12170817143715e-07 1.10167041768563e-07 7.6694884481875e-07 1.20516939673026e-07 3.30158428687941e-07
"143" 8019.46488294314 1.87934353426903e-07 1.82590070538947e-07 2.91830874591327e-07 9.73565246471576e-08 7.52287968890699e-08 3.81492562871616e-07 1.01254351292696e-07 7.15305017399386e-07 1.11207907270958e-07 3.06546958763673e-07
"144" 8075.86956521739 1.73024855372706e-07 1.69510611902318e-07 2.70128045880495e-07 8.9421289874023e-08 6.88801742943157e-08 3.53108419653682e-07 9.30776028812846e-08 6.67103295626033e-07 1.02639194457279e-07 2.84635489207677e-07
"145" 8132.27424749164 1.59310970039261e-07 1.5738913880984e-07 2.50053731490768e-07 8.21465882254005e-08 6.30782562408686e-08 3.2684718099634e-07 8.55749957111738e-08 6.22119030400165e-07 9.47503449570979e-08 2.6430143439567e-07
"146" 8188.67892976589 1.46696298778485e-07 1.46154065902433e-07 2.31485293777131e-07 7.54764714082448e-08 5.77751754584132e-08 3.02550276258802e-07 7.86899837985523e-08 5.80141700547704e-07 8.74859538686798e-08 2.45431001281688e-07
"147" 8245.08361204013 1.35092204667121e-07 1.35739247750382e-07 2.1430929814153e-07 6.9359792009317e-08 5.29273080318634e-08 2.80070860397952e-07 7.237082602857e-08 5.40974079105787e-07 8.07952378290153e-08 2.27918567956904e-07
"148" 8301.48829431438 1.24417194035434e-07 1.26083560303867e-07 1.98420831555095e-07 6.37497884093817e-08 4.84948944508022e-08 2.59272966386778e-07 6.65701747178485e-08 5.04431443447657e-07 7.4631642205104e-08 2.11666104898386e-07
"149" 8357.89297658863 1.1459634613547e-07 1.17130514751265e-07 1.83722870151252e-07 5.8603705607518e-08 4.44416945391408e-08 2.4003071633975e-07 6.12446994414754e-08 4.70340827454971e-07 6.89524821081679e-08 1.96582636120105e-07
"150" 8414.29765886288 1.05560787364009e-07 1.08827901281609e-07 1.70125692536835e-07 5.38824488763217e-08 4.0734673257349e-08 2.22227587588574e-07 5.63547431267438e-08 4.38540313969364e-07 6.37186143030465e-08 1.82583737604435e-07
"151" 8470.70234113712 9.72472067010211e-08 1.01127460438115e-07 1.57546335675344e-07 4.95502674268236e-08 3.73437146316316e-08 2.05755730155695e-07 5.18640076652269e-08 4.0887836578329e-07 5.88941373370554e-08 1.69591070550182e-07
"152" 8527.10702341137 8.95974092559864e-08 9.39845799261537e-08 1.45908090393415e-07 4.5574465499344e-08 3.42413613044469e-08 1.90515332270088e-07 4.77392665242636e-08 3.81213193463118e-07 5.44461174433866e-08 1.57531947123087e-07
"153" 8583.51170568562 8.25579050323699e-08 8.73580149025551e-08 1.35140033748527e-07 4.19251385147725e-08 3.14025774205202e-08 1.76414030760101e-07 4.39501020500301e-08 3.55412158334467e-07 5.03443379854186e-08 1.46338926536951e-07
"154" 8639.91638795987 7.60795302252872e-08 8.1209629924499e-08 1.25176595673217e-07 3.85749321213085e-08 2.88045327636044e-08 1.6336636334094e-07 4.04686653484417e-08 3.31351209000358e-07 4.65610704016494e-08 1.35949439428273e-07
"155" 8696.32107023411 7.01170985595038e-08 7.5504160876319e-08 1.15957157478742e-07 3.54988221558449e-08 2.64264062431468e-08 1.5129325998977e-07 3.72694568084301e-08 3.08914349806046e-07 4.30708647878163e-08 1.26305438614821e-07
"156" 8752.72575250836 6.46290803549123e-08 7.02089953221443e-08 1.07425679959635e-07 3.26739137081914e-08 2.4249206998157e-08 1.40121570769173e-07 3.43291254958939e-08 2.87993139710177e-07 3.98503584145003e-08 1.17353074449141e-07
"157" 8809.13043478261 5.95773071750542e-08 6.52939698521267e-08 9.95303589901093e-08 3.00792576313504e-08 2.22556115391873e-08 1.29783627619909e-07 3.16262857969008e-08 2.6848622006941e-07 3.68781006263497e-08 1.09042393091876e-07
"158" 8865.53511705685 5.49267000716943e-08 6.07311831007891e-08 9.22233066442296e-08 2.76956829831991e-08 2.04298154896579e-08 1.20216837796512e-07 2.914134982662e-08 2.50298869892597e-07 3.41343927041833e-08 1.01327056137257e-07
"159" 8921.9397993311 5.06450195854151e-08 5.64948232183963e-08 8.54602560043944e-08 2.55056440151758e-08 1.87573986158584e-08 1.11363306764396e-07 2.68563742469e-08 2.33342587170485e-07 3.16011413946792e-08 9.41640801244042e-08
"160" 8978.34448160535 4.67026357992846e-08 5.25610086708369e-08 7.92002879474235e-08 2.34930804428873e-08 1.72252019518792e-08 1.03169488514915e-07 2.47549202513304e-08 2.17534694937478e-07 2.92617249251417e-08 8.75135945635208e-08
"161" 9034.7491638796 4.30723168703506e-08 4.89076413308518e-08 7.34055783146708e-08 2.1643289842804e-08 1.58212159323924e-08 9.5585861385386e-08 2.28219255828366e-08 2.02797970772727e-07 2.71008704238275e-08 8.13386171958721e-08
"162" 9091.15384615384 3.97290345826008e-08 4.5514270904115e-08 6.80411639825143e-08 1.99428111192109e-08 1.45344785434912e-08 8.85666275946822e-08 2.10435875461592e-08 1.89060298498728e-07 2.51045417603766e-08 7.56048452908851e-08
"163" 9147.55852842809 3.66497855755776e-08 4.236196980813e-08 6.30747264525889e-08 1.83793180770875e-08 1.33549825905032e-08 8.20694348217384e-08 1.9407256066665e-08 1.76254340886061e-07 2.32598369067526e-08 7.02804618630752e-08
"164" 9203.96321070234 3.38134270055793e-08 3.94332176906411e-08 5.84763916776383e-08 1.69415222202882e-08 1.22735912625506e-08 7.60551182645614e-08 1.79013359285042e-08 1.64317232223086e-07 2.15548939975e-08 6.53359557660364e-08
"165" 9260.36789297659 3.12005254917649e-08 3.67117948376726e-08 5.42185449291457e-08 1.56190839709344e-08 1.12819612473162e-08 7.0487461721188e-08 1.65151973997769e-08 1.5319028965873e-07 1.9978805339668e-08 6.07439546906536e-08
"166" 9316.77257525083 2.8793218287991e-08 3.41826837798344e-08 5.02756595973404e-08 1.44025315759069e-08 1.03724727166113e-08 6.53329763318552e-08 1.52390945206716e-08 1.42818742275152e-07 1.85215386880632e-08 5.64790701602898e-08
"167" 9373.17725752508 2.65750857032678e-08 3.18319784594996e-08 4.66241388930534e-08 1.32831870302764e-08 9.53816556448724e-09 6.05606957136147e-08 1.40640903930187e-08 1.33151476894598e-07 1.71738651610841e-08 5.25177536771577e-08
"168" 9429.58193979933 2.45310338697632e-08 2.96468003712573e-08 4.32421694945493e-08 1.22530984059519e-08 8.772681335329e-09 5.61419863050483e-08 1.29819888668381e-08 1.24140799671292e-07 1.59272932267814e-08 4.88381632316595e-08
"169" 9485.98662207358 2.2647187027686e-08 2.7615221133946e-08 4.01095862511714e-08 1.13049780272133e-08 8.07021033007226e-09 5.20503718198354e-08 1.19852720717063e-08 1.15742212564466e-07 1.47740082384086e-08 4.54200394403694e-08
"170" 9542.39130434782 2.09107885615474e-08 2.57261909949197e-08 3.72077471197155e-08 1.0432145983557e-08 7.42544342485e-09 4.82613707839861e-08 1.1067043288528e-08 1.07914203832665e-07 1.37068170440116e-08 4.22445906287586e-08
"171" 9598.79598662207 1.93101100825601e-08 2.39694728062228e-08 3.45194175691486e-08 9.62847851481641e-09 6.83352817839282e-09 4.47523462027971e-08 1.02209747009548e-08 1.00618051732092e-07 1.2719097235919e-08 3.92943862219094e-08
"172" 9655.20066889632 1.78343679076555e-08 2.23355810483439e-08 3.20286637448977e-08 8.88836084417719e-09 6.29002884274885e-09 4.15023664702976e-08 9.44125960558529e-09 9.38176406430598e-08 1.1804750643694e-08 3.6553257850543e-08
"173" 9711.60535117057 1.64736463370738e-08 2.08157255103843e-08 2.97207537356922e-08 8.20664407182899e-09 5.79088992668707e-09 3.8492076696335e-08 8.72256869653916e-09 8.74792888884088e-08 1.09581607085001e-08 3.40062076208514e-08
"174" 9768.01003344481 1.52188271800263e-08 1.94017592660559e-08 2.75820663340962e-08 7.57860577587653e-09 5.33240299281132e-09 3.57035796847737e-08 8.06001007330056e-09 8.15715875461818e-08 1.01741534082177e-08 3.16393230350746e-08
"175" 9824.41471571906 1.40615250218176e-08 1.80861306131041e-08 2.56000067266462e-08 6.99991399805934e-09 4.91117639821841e-09 3.31203258507471e-08 7.44909265115469e-09 7.6065249595722e-08 9.44796143128088e-09 2.94396980856498e-08
"176" 9880.81939799331 1.29940277663092e-08 1.68618386697254e-08 2.37629285911237e-08 6.46659432004985e-09 4.52410771473811e-09 3.07270114157478e-08 6.88569268133117e-09 7.09329687718366e-08 8.77519132333028e-09 2.73953600792406e-08
"177" 9937.22408026756 1.20092420249642e-08 1.5722392345485e-08 2.20600621171643e-08 5.97499976185294e-09 4.16835858863097e-09 2.85094842667719e-08 6.36602311335367e-09 6.61492875356512e-08 8.15179335461888e-09 2.54952017781841e-08
"178" 9993.6287625418 1.11006429581466e-08 1.46617724262974e-08 2.04814475023028e-08 5.52178325732638e-09 3.84133182129969e-09 2.64546569099459e-08 5.88660555527563e-09 6.16904736033147e-08 7.57403387786207e-09 2.37289184760035e-08
"179" 10050.0334448161 1.02622282060972e-08 1.36743965333646e-08 1.9017873508894e-08 5.1038724832804e-09 3.54065047229054e-09 2.45504259902714e-08 5.4442446086541e-09 5.75344045048306e-08 7.03846996607632e-09 2.20869496507703e-08
"180" 10106.4381270903 9.48847557625072e-09 1.27550867346943e-08 1.76608206982714e-08 4.71844683817101e-09 3.26413880379428e-09 2.27855978874814e-08 5.0360043744438e-09 5.36604596749844e-08 6.54192613806834e-09 2.05604248653726e-08
"181" 10162.8428093645 8.77430418050088e-09 1.18990396050835e-08 1.6402408987203e-08 4.36291638424497e-09 3.00980490216696e-09 2.11498199337207e-08 4.65918694364727e-09 5.00494196066741e-08 6.08147299577408e-09 1.91411136072928e-08
"182" 10219.2474916388 8.11503874082342e-09 1.11017985463598e-08 1.52353491983015e-08 4.03490258326798e-09 2.77582482682252e-09 1.96335168319787e-08 4.31131270267305e-09 4.66833716239162e-08 5.65440761273931e-09 1.7821378782411e-08
"183" 10275.652173913 7.50637680450347e-09 1.03592281943293e-08 1.41528983007159e-08 3.73222067081515e-09 2.56052815033816e-09 1.82278318851036e-08 3.99010229807131e-09 4.3545621857485e-08 5.25823552681283e-09 1.65941335977564e-08
"184" 10332.0568561873 6.94435863122618e-09 9.66749075238379e-09 1.31488180602794e-08 3.45286352764383e-09 2.36238476587886e-09 1.69245726739338e-08 3.69346011875162e-09 4.06206130305296e-08 4.8906542027004e-09 1.54528015871049e-08
"185" 10388.4615384615 6.42533953362625e-09 9.02302410417024e-09 1.22173368394684e-08 3.19498691902199e-09 2.17999284920235e-09 1.57161608497695e-08 3.41945916605546e-09 3.7893847684692e-08 4.54953784151251e-09 1.43912795509855e-08
"186" 10444.8662207358 5.94596447067524e-09 8.42252156919059e-09 1.13531143071355e-08 2.95689598415168e-09 2.01206787264866e-09 1.45955857311793e-08 3.16632719325589e-09 3.53518164992171e-08 4.23292342492407e-09 1.34039031990748e-08
"187" 10501.27090301 5.50314470964295e-09 7.86291317577125e-09 1.05512088361394e-08 2.73703286810494e-09 1.85743257774359e-09 1.35563614181431e-08 2.93243400628312e-09 3.29819313763845e-08 3.93899789114077e-09 1.24854152982303e-08
"188" 10557.6755852843 5.09403638740627e-09 7.34134833558016e-09 9.80704738380651e-09 2.5339653980632e-09 1.71500782143317e-09 1.25924871578783e-08 2.71627982681041e-09 3.07724629863116e-08 3.66608634861122e-09 1.16309361436048e-08
"189" 10614.0802675585 4.71602081570468e-09 6.85517981284695e-09 9.11639766571596e-09 2.3463767142026e-09 1.58380421859574e-09 1.16984107165052e-08 2.5164846273597e-09 2.87124824828428e-08 3.41264124141322e-09 1.08359361834722e-08
"190" 10670.4849498328 4.36668638764633e-09 6.40194888971297e-09 8.47534244769791e-09 2.17305577336713e-09 1.46291451041589e-09 1.08689945290707e-08 2.33177835586903e-09 2.6791807119889e-08 3.17723238753889e-09 1.0096210640652e-08
"191" 10726.889632107 4.04381195444638e-09 5.97937163676367e-09 7.88025579425322e-09 2.01288865078721e-09 1.35150659451493e-09 1.00994844174858e-08 2.16099197427056e-09 2.50009495142483e-08 2.95853781797077e-09 9.40785598480164e-09
"192" 10783.2943143813 3.74535155210623e-09 5.58532620482269e-09 7.32778112392182e-09 1.86485057159168e-09 1.24881715847138e-09 9.38548068171172e-09 2.00304924211707e-09 2.33310703166814e-08 2.7553353505328e-09 8.76724812041845e-09
"193" 10839.6989966555 3.46942036759905e-09 5.21784106056553e-09 6.81481093352046e-09 1.72799860978291e-09 1.15414586358565e-09 8.72291138416144e-09 1.85695918222008e-09 2.17739340678651e-08 2.56649483806744e-09 8.17102216521189e-09
"194" 10896.1036789298 3.21428184317905e-09 4.87508409448103e-09 6.33846806370367e-09 1.60146499774687e-09 1.06685003049108e-09 8.10800766083e-09 1.72180917067381e-09 2.03218680298437e-08 2.3909710355784e-09 7.61605370261974e-09
"195" 10952.508361204 2.97833582574727e-09 4.5553525352146e-09 5.8960883880411e-09 1.48445099429893e-09 9.86339782533428e-10 7.53728090521995e-09 1.59675859858083e-09 1.8967723796797e-08 2.22779703563026e-09 7.099441400704e-09
"196" 11008.9130434783 2.76010767584122e-09 4.25706360940097e-09 5.48520481680522e-09 1.37622126376338e-09 9.12073606770334e-10 7.0075016827467e-09 1.48103305730783e-09 1.77048415013604e-08 2.07607822554848e-09 6.61849089751369e-09
"197" 11065.3177257525 2.55823825782722e-09 3.97874589077395e-09 5.10353251498355e-09 1.27609872268846e-09 8.43554296017652e-10 6.51568024406745e-09 1.37391900322225e-09 1.65270164444286e-08 1.93498672385221e-09 6.17069986028961e-09
"198" 11121.7224080268 2.37147473931123e-09 3.7190312866546e-09 4.74895524171693e-09 1.18345981454331e-09 7.80325238622511e-10 6.05904851573422e-09 1.27475886162517e-09 1.54284679873733e-08 1.80375625690854e-09 5.75374413264668e-09
"199" 11178.127090301 2.19866213369325e-09 3.47664761389728e-09 4.41951272546901e-09 1.09773017616099e-09 7.21967025603015e-10 5.6350434557845e-09 1.18294653303498e-09 1.44038105559432e-08 1.6816774400494e-09 5.3654648901419e-09
"200" 11234.5317725752 2.03873552521574e-09 3.250411720042e-09 4.11338899579474e-09 1.01838066281094e-09 6.68094347488327e-10 5.24129167040891e-09 1.0979232681183e-09 1.34480266148343e-08 1.56809343036824e-09 5.00385673045447e-09
"201" 11290.9364548495 1.89071292083547e-09 3.03922310880469e-09 3.828901598638e-09 9.44923701630976e-10 6.18353155644326e-10 4.8755951957196e-09 1.0191738804347e-09 1.25564414810445e-08 1.46239592113631e-09 4.66705662980035e-09
"202" 11347.3411371237 1.75368867781946e-09 2.84205803215799e-09 3.56449162768842e-09 8.7690994574844e-10 5.72418065101588e-10 4.53591835593769e-09 9.46223268784505e-10 1.17246998526956e-08 1.36402145026973e-09 4.35333370220889e-09
"203" 11403.745819398 1.62682746015988e-09 2.65796401413328e-09 3.31871450949906e-09 8.13925203792159e-10 5.29989977933522e-10 4.22037561606145e-09 8.78633223345191e-10 1.0948743938045e-08 1.27244799755914e-09 4.06107970292847e-09
"204" 11460.1505016722 1.50935868075328e-09 2.4860547741309e-09 3.09023148484347e-09 7.55587621663565e-10 4.9079390808177e-10 3.9272203533139e-09 8.1599949197216e-10 1.02247930769568e-08 1.18719184746111e-09 3.78880022153212e-09
"205" 11516.5551839465 1.40057138982227e-09 2.32550551997451e-09 2.87780173320105e-09 7.01545095413041e-10 4.54576990209454e-10 3.65483447743289e-09 7.57949085040671e-10 9.54932475416853e-09 1.1078046961618e-09 3.53510651428179e-09
"206" 11572.9598662207 1.29980957330038e-09 2.17554858320701e-09 2.68027509133288e-09 6.51472895874089e-10 4.21106656696015e-10 3.40171883519649e-09 7.04137799035507e-10 8.9190569103248e-09 1.03387098337374e-09 3.29870792900901e-09
"207" 11629.364548495 1.20646782787613e-09 2.03546937121031e-09 2.49658532067056e-09 6.05071487357416e-10 3.90168968283337e-10 3.16648433950168e-09 6.5424794076693e-10 8.3309314629558e-09 9.65005430929004e-10 3.07840487919657e-09
"208" 11685.7692307692 1.11998738212277e-09 1.90460261265704e-09 2.32574388171321e-09 5.62064524214021e-10 3.61567085154466e-10 2.94784376786646e-09 6.07986235620466e-10 7.78209895539929e-09 9.00850771701295e-10 2.87308232712369e-09
"209" 11742.1739130435 1.0398524356457e-09 1.78232887457833e-09 2.16683417683288e-09 5.22197010452693e-10 3.35119866384356e-10 2.74460417943191e-09 5.65081904645708e-10 7.26990425711005e-09 8.41075653733854e-10 2.68170373888137e-09
"210" 11798.5785953177 9.65586790478518e-10 1.66807133097189e-09 2.01900622584869e-09 4.85233608854984e-10 3.1066058675722e-10 2.55565990342734e-09 5.25284896567618e-10 6.79187324390023e-09 7.85372705683676e-10 2.50330547679385e-09
"211" 11854.983277592 8.96750751068613e-10 1.56129276438838e-09 1.8814717414616e-09 4.50957087179664e-10 2.88035760906355e-10 2.37998605565223e-09 4.88364261972579e-10 6.34570039142435e-09 7.3345675082191e-10 2.33699159731097e-09
"212" 11911.3879598662 8.32938271128872e-10 1.46149278333169e-09 1.75349957416417e-09 4.19166890098739e-10 2.67104065608267e-10 2.21663254284671e-09 4.54106657990653e-10 5.92923721968576e-09 6.85063157866342e-10 2.18192902477986e-09
"213" 11967.7926421405 7.73774327408762e-10 1.36820523959911e-09 1.63441149856768e-09 3.89677826466661e-10 2.47735351861236e-10 2.06471851788575e-09 4.22314972773336e-10 5.54048153051468e-09 6.39946317871384e-10 2.0373430736757e-09
"214" 12024.1973244147 7.18912502068082e-10 1.28099583087908e-09 1.52357831523809e-09 3.62318862401605e-10 2.2980973910605e-10 1.92342725156386e-09 3.92807059960815e-10 5.1775673838702e-09 5.9787823727188e-10 1.9025132938836e-09
"215" 12080.602006689 6.68032756832586e-10 1.19945987502457e-09 1.42041624411626e-09 3.36932011459422e-10 2.13216784609943e-10 1.79200138935087e-09 3.65414574151254e-10 4.83875576246503e-09 5.58647237975723e-10 1.77676961548775e-09
"216" 12137.0066889632 6.20839383483577e-10 1.12322024343685e-09 1.32438358742904e-09 3.13371313914125e-10 1.97854721639435e-10 1.66973856391454e-09 3.399818991337e-10 4.52242587762061e-09 5.22056756133023e-10 1.6594887712514e-09
"217" 12193.4113712375 5.77059116493211e-10 1.05192544193291e-09 1.23497764168793e-09 2.91501897829014e-10 1.83629760599231e-10 1.55598733643564e-09 3.16365161331661e-10 4.22706707244313e-09 4.87924231881797e-10 1.55009097657141e-09
"218" 12249.8160535117 5.36439394773525e-10 9.8524782833778e-10 1.15173183993265e-09 2.71199115215697e-10 1.70455447817098e-10 1.45014344180091e-09 2.94431321531913e-10 3.95127128138531e-09 4.56080082987128e-10 1.44803684817361e-09
"219" 12306.220735786 4.98746760568237e-10 9.22881956843844e-10 1.07421310681693e-09 2.52347747138986e-10 1.58252077113375e-10 1.35164631466123e-09 2.74057338547402e-10 3.69372600803544e-09 4.26366755857003e-10 1.35282454418915e-09
"220" 12362.6254180602 4.63765384490174e-10 8.64543039920397e-10 1.00201941046324e-09 2.34841272138577e-10 1.46946149712062e-10 1.2599758750987e-09 2.5512939898903e-10 3.4532077855677e-09 3.98637847937847e-10 1.2639871095239e-09
"221" 12419.0301003344 4.31295706601107e-10 8.09965519240682e-10 9.34777496240539e-10 2.18581192807778e-10 1.364698784322e-10 1.17464955426838e-09 2.37542207802591e-10 3.22857608670789e-09 3.72757295970173e-10 1.18109001161231e-09
"222" 12475.4347826087 4.01153184251109e-10 7.58901737726463e-10 8.72140788751714e-10 2.03476415798936e-10 1.26760732446558e-10 1.09521954187797e-09 2.21198334668107e-10 3.01876765232673e-09 3.48598625023041e-10 1.10372885273897e-09
"223" 12531.8394648829 3.73167138147754e-10 7.11120705394935e-10 8.13787449363183e-10 1.89442680918277e-10 1.17761019212474e-10 1.02127023875189e-09 2.0600761176272e-10 2.82279120988087e-09 3.26044253628776e-10 1.03152724612284e-09
"224" 12588.2441471572 3.47179688816688e-10 6.66406952233272e-10 7.59418577574368e-10 1.76402035332512e-10 1.09417500469902e-10 9.52415899003107e-10 1.91886578758261e-10 2.63972255488678e-09 3.04984850709228e-10 9.64134843896355e-10
"225" 12644.6488294314 3.23044776249887e-10 6.24559461826104e-10 7.08756545415943e-10 1.64282349238947e-10 1.01681039466538e-10 8.8829844751532e-10 1.78757971263593e-10 2.46869997044745e-09 2.85318740324853e-10 9.01225505980056e-10
"226" 12701.0535117057 3.00627256120475e-10 5.85390679923309e-10 6.61543454888317e-10 1.53016869652273e-10 9.45062768117654e-11 8.28585459526914e-10 1.66550249232440e-10 2.30891996156113e-09 2.66951350590267e-10 8.42495599657329e-10
"227" 12757.4581939799 2.79802066478036e-10 5.48725592563082e-10 6.17539709211416e-10 1.42543809237311e-10 8.78513325820035e-11 7.72968290113594e-10 1.55197162142046e-10 2.15963328253686e-09 2.49794703387123e-10 7.87662420399508e-10
"228" 12813.8628762542 2.60453459329516e-10 5.14400868760565e-10 5.76522689357921e-10 1.32805967369847e-10 8.16775325017376e-11 7.211603422949e-10 1.44637348008925e-10 2.02014123732767e-09 2.33766941769175e-10 7.36462725181538e-10
"229" 12870.2675585284 2.42474291961939e-10 4.82264063138134e-10 5.38285527989593e-10 1.23750380839297e-10 7.59491562087763e-11 6.72895463347193e-10 1.348139635471e-10 1.8897922339793e-09 2.18791892197225e-10 6.88651370168181e-10
"230" 12926.6722408027 2.25765373277329e-10 4.52172874211807e-10 5.02635973513985e-10 1.1532800181911e-10 7.06332057806026e-11 6.27926459697232e-10 1.25674342993564e-10 1.76797857568327e-09 2.04798658964941e-10 6.44000045243121e-10
"231" 12983.0769230769 2.10234860790748e-10 4.23994454361376e-10 4.69395337530852e-10 1.07493400925244e-10 6.56991928525237e-11 5.86023721501564e-10 1.17169683326705e-10 1.65413347212816e-09 1.91721248381984e-10 6.02296098402381e-10
"232" 13039.4816053512 1.95797704291719e-10 3.97604767801591e-10 4.38397519447143e-10 1.00204493361218e-10 6.11189427988877e-11 5.46973948691908e-10 1.09254753787902e-10 1.54772825596451e-09 1.79498220469895e-10 5.63341443541969e-10
"233" 13095.8862876254 1.82375132490312e-10 3.72887993139962e-10 4.09488102510164e-10 9.34222863115327e-11 5.68664145771462e-11 5.10578970890189e-10 1.01887627785621e-10 1.4482697902445e-09 1.68072366100167e-10 5.26951545640956e-10
"234" 13152.2909698997 1.69894179263994e-10 3.49735967354917e-10 3.8252351594307e-10 8.71106458949374e-11 5.29175349520096e-11 4.76654654172506e-10 9.50294354165028e-11 1.35529805367169e-09 1.57390407664003e-10 4.92954477777742e-10
"235" 13208.6956521739 1.58287246392263e-10 3.2804766825793e-10 3.57370258268283e-10 8.12360821262971e-11 4.92500459243612e-11 4.4502988819304e-10 8.86441349803598e-11 1.26838389140367e-09 1.47402721510715e-10 4.61190044821861e-10
"236" 13265.1003344482 1.47491699914916e-10 3.0772873271595e-10 3.33904177275127e-10 7.57675504616263e-11 4.58433642878271e-11 4.15545647669916e-10 8.26983019966039e-11 1.18712691999567e-09 1.38063080527385e-10 4.31508969018464e-10
"237" 13321.5050167224 1.37449497478551e-10 2.88691008107556e-10 3.12009802430423e-10 7.06762686163143e-11 4.26784523257502e-11 3.88054122688554e-10 7.71609343495803e-11 1.11115357586083e-09 1.29328415357492e-10 4.03772133030046e-10
"238" 13377.9096989967 1.28106844246035e-10 2.70852134668671e-10 2.91579725847042e-10 6.59355474524208e-11 3.9737698743514e-11 3.62417912696912e-10 7.20032723003487e-11 1.04011529735572e-09 1.2115859287126e-10 3.77849876321774e-10
"239" 13434.3143812709 1.19413875136802e-10 2.54135156552734e-10 2.72514028217636e-10 6.15206348280653e-11 3.70048090063686e-11 3.3850927945395e-10 6.71986322035179e-11 9.73686831283382e-10 1.13516210606639e-10 3.53621341075122e-10
"240" 13490.7190635451 1.11324361343426e-10 2.38468159586765e-10 2.5471974639068e-10 5.74085713910589e-11 3.44647043217405e-11 3.16209454550007e-10 6.27222528605463e-11 9.11564655241292e-10 1.0636640599756e-10 3.30973864090933e-10
"241" 13547.1237458194 1.03795439233043e-10 2.23783933849821e-10 2.38110379515305e-10 5.35780573807173e-11 3.21034285679955e-11 2.9540799744794e-10 5.85511535261376e-11 8.53465507834581e-10 9.96766792961690e-11 3.09802411399197e-10
"242" 13603.5284280936 9.67873598922647e-11 2.10019659334748e-10 2.22605430911889e-10 5.000932957688e-11 2.99080625292996e-11 2.76002200298858e-10 5.46640026626538e-11 7.99125019325802e-10 9.34167291788537e-11 2.9000905253032e-10
"243" 13659.9331103679 9.02632577121348e-11 1.97116613078681e-10 2.08129983038185e-10 4.66840476040729e-11 2.78666448490161e-11 2.5789653606803e-10 5.1040996609376e-11 7.48296435806104e-10 8.75583001024013e-11 2.71502471622717e-10
"244" 13716.3377926421 8.41889365365258e-11 1.85019896263192e-10 1.9461430311761e-10 4.35851888620436e-11 2.59680991624336e-11 2.41002146766883e-10 4.76637473995255e-11 7.00749430450616e-10 8.20750405472645e-11 2.54197512745566e-10
"245" 13772.7424749164 7.85326720139929e-11 1.73678179891995e-10 1.81993477178051e-10 4.06969514120066e-11 2.42021669139011e-11 2.2523636882753e-10 4.45151790186773e-11 6.56268995865754e-10 7.69423713500295e-11 2.38014757004653e-10
"246" 13829.1471571906 7.32650289003878e-11 1.63043467753312e-10 1.70207070417654e-10 3.80046642013156e-11 2.25593454040195e-11 2.1052229287849e-10 4.15794314540119e-11 6.14654411950474e-10 7.21373633872707e-11 2.22880129174566e-10
"247" 13885.5518394649 6.83586921581882e-11 1.53070875465985e-10 1.59198811969339e-10 3.54947040583105e-11 2.10308306497027e-11 1.96788355385672e-10 3.88417719351489e-11 5.75718284078987e-10 6.76386239284031e-11 2.08724531762956e-10
"248" 13941.9565217391 6.37883107892722e-11 1.43718424493734e-10 1.48916302279396e-10 3.31544189341401e-11 1.9608464673989e-11 1.83967959812456e-10 3.62885128144837e-11 5.39285646771483e-10 6.34261910263109e-11 1.95483504563309e-10
"249" 13998.3612040134 5.95303534213651e-11 1.34946850091024e-10 1.3931074144821e-10 3.09720569097562e-11 1.8284686873696e-11 1.71999125128126e-10 3.39069355783104e-11 5.05193128353414e-10 5.94814353617416e-11 1.83096907892319e-10
"250" 14054.7658862876 5.55629747452229e-11 1.26719422217417e-10 1.30336677003898e-10 2.89367005243247e-11 1.70524891416355e-11 1.60824159656004e-10 3.16852205199156e-11 4.73288172414939e-10 5.57869690010567e-11 1.7150862783752e-10
"251" 14111.1705685619 5.18658919703151e-11 1.19001778525325e-10 1.21951769693092e-10 2.70382060162742e-11 1.59053744463386e-11 1.50389358402512e-10 2.961238164251e-11 4.43428312171499e-10 5.23265605671713e-11 1.60666301960927e-10
"252" 14167.5752508361 4.84202705318452e-11 1.11761768589245e-10 1.14116575977994e-10 2.52671471003579e-11 1.4837318596305e-11 1.4064472214688e-10 2.76782063936295e-11 4.15480494095972e-10 4.90850563606955e-11 1.50521064015813e-10
"253" 14223.9799331104 4.52086183418298e-11 1.04969308603124e-10 1.06794346025878e-10 2.36147629336709e-11 1.3842734937857e-11 1.31543696699272e-10 2.58731998636889e-11 3.89320447443502e-10 4.60483070026193e-11 1.41027306337073e-10
"254" 14280.3846153846 4.22146879321013e-11 9.85962458269385e-11 9.99508360669143e-11 2.20729099507617e-11 1.2916441755922e-11 1.23042930853512e-10 2.41885331099646e-11 3.64832096523549e-10 4.32030992016062e-11 1.32142458661404e-10
"255" 14336.7892976589 3.94233858878451e-11 9.26162321139669e-11 9.35541340791886e-11 2.06340172729873e-11 1.20536321656415e-11 1.15102051670016e-10 2.26159952935821e-11 3.41907012790818e-10 4.05370922782691e-11 1.23826782222407e-10
"256" 14393.1939799331 3.68206890170277e-11 8.70046058971611e-11 8.75744978365554e-11 1.92910454202738e-11 1.12498462997469e-11 1.07683455825781e-10 2.11479493413124e-11 3.20443904028918e-10 3.80387591058912e-11 1.16043178048135e-10
"257" 14449.5986622074 3.43935667441005e-11 8.17382820564553e-11 8.19842044259743e-11 1.80374480746212e-11 1.0500945612285e-11 1.00752115861851e-10 1.97772908662737e-11 3.00348138088714e-10 3.56973311520883e-11 1.08757008465086e-10
"258" 14506.0033444816 3.2129909256009e-11 7.67956491292783e-11 7.67574104066828e-11 1.68671366641753e-11 9.80308913363695e-12 9.42754002452646e-11 1.84974101021736e-11 2.81531298818394e-10 3.35027473290619e-11 1.01935930883566e-10
"259" 14562.4080267559 3.00184609650363e-11 7.21564733640114e-11 7.18700218443465e-11 1.57744475546269e-11 9.15271152495658e-12 8.82229062425201e-11 1.73021566246385e-11 2.63910771985283e-10 3.14456063814909e-11 9.55497430051559e-11
"260" 14618.8127090301 2.80487588866508e-11 6.78018091509762e-11 6.72995735095786e-11 1.47541116512125e-11 8.54650279226031e-12 8.25663046756566e-11 1.61858066505962e-11 2.47409359141009e-10 2.9517122560907e-11 8.95702386541030e-11
"261" 14675.2173913043 2.62110755615064e-11 6.37139153978839e-11 6.30251165822819e-11 1.38012262297929e-11 7.98138953152136e-12 7.72791957005562e-11 1.51430327227328e-11 2.31954917522864e-10 2.7709084353709e-11 8.39710734910982e-11
"262" 14731.6220735786 2.44963661792992e-11 5.98761774467273e-11 5.90271142514406e-11 1.29112288294881e-11 7.45451758633288e-12 7.23369748104215e-11 1.41688756008287e-11 2.17480024215474e-10 2.60138160469069e-11 7.87276399204925e-11
"263" 14788.0267558528 2.28962195884941e-11 5.6273034157026e-11 5.52873446445926e-11 1.20798730522421e-11 6.96323600909033e-12 6.77167083260343e-11 1.32587181954152e-11 2.03921662919217e-10 2.44241419313646e-11 7.38169505508115e-11
"264" 14844.4314381271 2.14028129001853e-11 5.28899098062718e-11 5.17888105624868e-11 1.13032061265738e-11 6.5050822252654e-12 6.33970176886355e-11 1.24082613917505e-11 1.9122093178558e-10 2.29333529568121e-11 6.92175296137084e-11
"265" 14900.8361204013 2.00088694167079e-11 4.97131504825383e-11 4.85156555326596e-11 1.05775481037116e-11 6.07776830827023e-12 5.93579719214792e-11 1.16135016237008e-11 1.79322770885565e-10 2.15351756663278e-11 6.49093117885468e-11
"266" 14957.2408026756 1.87076196362258e-11 4.67299646666252e-11 4.54530857310408e-11 9.89947256439952e-12 5.67916827969508e-12 5.55809876725618e-11 1.08707100677898e-11 1.6817570797581e-10 2.02237432504177e-11 6.08735479188217e-11
"267" 15013.6454849498 1.74927651035212e-11 4.392836772194e-11 4.25872973534755e-11 9.2657887239584e-12 5.30730635640135e-12 5.2048736294036e-11 1.01764133375266e-11 1.57731621318865e-10 1.89935685723324e-11 5.70927171428637e-11
"268" 15070.0501672241 1.63584448947322e-11 4.12971300296831e-11 3.99054090493862e-11 8.67352483175264e-12 4.96034607211049e-12 4.87450574536121e-11 9.52737556720869e-12 1.47945518399414e-10 1.78395190269182e-11 5.3550444994899e-11
"269" 15126.4548494983 1.52992045399428e-11 3.88257285249123e-11 3.73953990579077e-11 8.11991276911768e-12 4.63658020679465e-12 4.56548788100994e-11 8.92058178277248e-12 1.38775329457769e-10 1.67567931051719e-11 5.0231427063777e-11
"270" 15182.8595317726 1.43099672024362e-11 3.65043014057997e-11 3.50460467128572e-11 7.60237375708569e-12 4.33442146238505e-12 4.2764141319346e-11 8.35322246499678e-12 1.3018171483589e-10 1.57408985458168e-11 4.71213578256668e-11
"271" 15239.2642140468 1.33860069471687e-11 3.43236058039722e-11 3.28468780070162e-11 7.11850509196805e-12 4.05239382810855e-12 4.00597297684204e-11 7.82267921749759e-12 1.2212788520012e-10 1.47876319636896e-11 4.42068642939658e-11
"272" 15295.6688963211 1.25229239437085e-11 3.22749782183041e-11 3.07881149285428e-11 6.66606783304953e-12 3.78912458317408e-12 3.75294081651187e-11 7.32651145853604e-12 1.14579433768859e-10 1.38930598525831e-11 4.14754441546627e-11
"273" 15352.0735785953 1.17166214605877e-11 3.03502975280088e-11 2.88606283030302e-11 6.24297537236836e-12 3.54333688859069e-12 3.5161759636968e-11 6.86244406173938e-12 1.07504179733156e-10 1.30535008674665e-11 3.89154080786384e-11
"274" 15408.4782608696 1.0963284518819e-11 2.85419504134053e-11 2.70558938939107e-11 5.84728282183083e-12 3.31384292363589e-12 3.29461305189699e-11 6.42835587644418e-12 1.00872022113684e-10 1.22655092977553e-11 3.65158259239554e-11
"275" 15464.8829431438 1.02593600822959e-11 2.68427990244036e-11 2.53659515316783e-11 5.47717715777951e-12 3.09953752593409e-12 3.08725783325703e-11 6.02226906355267e-12 9.46548033493319e-11 1.15258596495563e-11 3.42664765612406e-11
"276" 15521.2876254181 9.60153867200086e-12 2.52461507476006e-11 2.37833670588774e-11 5.13096806762696e-12 2.8993922972727e-12 2.89318233798503e-11 5.64233918757583e-12 8.88261819607803e-11 1.08315322606174e-11 3.21578010738816e-11
"277" 15577.6923076923 8.98673729944207e-12 2.37457299329858e-11 2.23011968930787e-11 4.80707944731667e-12 2.71245014020143e-12 2.71152036968799e-11 5.28684600995664e-12 8.33615136772474e-11 1.01796998770898e-11 3.01808591020635e-11
"278" 15634.0969899666 8.41208362258161e-12 2.233565145065e-11 2.09129550242171e-11 4.50404150220266e-12 2.537820193148e-12 2.54146331286402e-11 4.95418493284802e-12 7.8237740456354e-11 9.56771512620393e-12 2.8327288115746e-11
"279" 15690.5016722408 7.87490123476674e-12 2.10103959566494e-11 1.96125822757927e-11 4.22048340747729e-12 2.37467313425952e-12 2.38225623050398e-11 4.64285904629176e-12 7.34332868658999e-11 8.99309882358894e-12 2.65892654166255e-11
"280" 15746.906354515 7.37269600386346e-12 1.97647867553215e-11 1.8394417671605e-11 3.95512648754344e-12 2.2222368264601e-12 2.23319423134125e-11 4.35147173522933e-12 6.89279633325399e-11 8.45352905826413e-12 2.49594726830062e-11
"281" 15803.3110367893 6.90314338497361e-12 1.85939681529385e-11 1.72531717609763e-11 3.70677787674537e-12 2.07979227831831e-12 2.09361908775798e-11 4.0787198059965e-12 6.47028757960395e-11 7.94683100231653e-12 2.34310628844124e-11
"282" 15859.7157190635 6.46407663582607e-12 1.74933852046492e-11 1.61839017658854e-11 3.47432462666116e-12 1.94666989725565e-12 1.96291608671934e-11 3.82338709493076e-12 6.07403413391733e-11 7.47096739598191e-12 2.19976294047681e-11
"283" 15916.1204013378 6.05347586920759e-12 1.64587647632405e-11 1.5181988423139e-11 3.25672822773557e-12 1.82224601341434e-12 1.84051109736961e-11 3.58433852447251e-12 5.70238093925418e-11 7.02402966228101e-12 2.06531772241198e-11
"284" 15972.525083612 5.66945788167426e-12 1.54860977443793e-11 1.42431144037159e-11 3.05301951541393e-12 1.70593965414975e-12 1.72586784009558e-11 3.36051457468645e-12 5.35377881408057e-11 6.60422960855445e-12 1.93920960192467e-11
"285" 16028.9297658863 5.31026670228907e-12 1.45716225287053e-11 1.33632441997687e-11 2.86229393313829e-12 1.59720955063234e-12 1.61848534294795e-11 3.1509261404822e-12 5.02677757821714e-11 6.20989167520127e-12 1.82091350531371e-11
"286" 16085.3344481605 4.97426480929612e-12 1.37118094264657e-11 1.25386053775221e-11 2.68370712660194e-12 1.4955513594451e-12 1.5178955723182e-11 2.9546497469907e-12 4.72001963165752e-11 5.83944569467868e-12 1.70993797322774e-11
"287" 16141.7391304348 4.65992496649073e-12 1.29033461353393e-11 1.17656711014953e-11 2.51647084553985e-12 1.40049508335511e-12 1.42366122570229e-11 2.77082309756559e-12 4.43223395599947e-11 5.49142012637569e-12 1.60582297190283e-11
"288" 16198.143812709 4.36582263460456e-12 1.21431241267156e-11 1.10411438421523e-11 2.35984913107235e-12 1.31160267663073e-12 1.33537367524781e-11 2.59864093074244e-12 4.1622305102801e-11 5.16443573534868e-12 1.5081378494117e-11
"289" 16254.5484949833 4.09062891631561e-12 1.1428225900003e-11 1.03619401852777e-11 2.21315476822848e-12 1.22846582137626e-12 1.25265105158513e-11 2.4373511642118e-12 3.90889499491386e-11 4.8571996851131e-12 1.41647942714824e-11
"290" 16310.9531772575 3.83310399653637e-12 1.07559130485483e-11 9.72517666712421e-12 2.07574598476423e-12 1.15070386237213e-12 1.17513645818719e-11 2.28625130545775e-12 3.67118395920957e-11 4.56850001673597e-12 1.3304702174415e-11
"291" 16367.3578595318 3.59209104244916e-12 1.01236150844948e-11 9.12815656471732e-12 1.94702337876795e-12 1.07796188884604e-12 1.10249630719479e-11 2.14468511019024e-12 3.44812022959855e-11 4.29720048838035e-12 1.24975675881709e-11
"292" 16423.762541806 3.36651053036079e-12 9.52891897339073e-12 8.56835757565467e-12 1.82642705881957e-12 1.00990895246637e-12 1.03441876828459e-11 2.01203947106587e-12 3.23878863724786e-11 4.04223575122386e-12 1.17400806100448e-11
"293" 16480.1672240803 3.15535496885891e-12 8.96955933261387e-12 8.04342032634215e-12 1.71343398164977e-12 9.46236411648849e-13 9.70612322752869e-12 1.88774152045831e-12 3.04233202517079e-11 3.80260683932143e-12 1.10291415232823e-11
"294" 16536.5719063545 2.95768398998093e-12 8.44340925070835e-12 7.55113765187857e-12 1.60755547333688e-12 8.8665639300521e-13 9.10804415540026e-12 1.77125593221054e-12 2.85794751628536e-11 3.57737695251366e-12 1.03618472262398e-11
"295" 16592.9765886288 2.77261978216982e-12 7.94847168756003e-12 7.08944459477017e-12 1.50833492108993e-12 8.30900361445409e-13 8.54740198433495e-12 1.66208240838746e-12 2.68488302511963e-11 3.36566751290714e-12 9.7354785528751e-12
"296" 16649.381270903 2.59934284069999e-12 7.4828714179724e-12 6.65640907334017e-12 1.41534562360203e-12 7.78717791074205e-13 8.02181358162546e-12 1.5597533380519e-12 2.52243399702557e-11 3.16665447677776e-12 9.14748842500059e-12
"297" 16705.7859531773 2.43708801302449e-12 7.04484748366743e-12 6.2502231741235e-12 1.32818878882466e-12 7.29874929605685e-13 7.52905023540199e-12 1.4638316160193e-12 2.36994035984703e-11 2.9795648849809e-12 8.59549078078464e-12
"298" 16762.1906354515 2.28514081813019e-12 6.63274612102995e-12 5.86919502571561e-12 1.24649166881613e-12 6.8415364955704e-13 7.06702746217512e-12 1.37390861040877e-12 2.22678367399718e-11 2.80367363609918e-12 8.07725022775437e-12
"299" 16818.5953177258 2.14283402050354e-12 6.24501413405705e-12 5.51174121450044e-12 1.16990582206089e-12 6.41350379980302e-13 6.63379549996397e-12 1.28960226860825e-12 2.09238446784252e-11 2.63830046762589e-12 7.59067237206419e-12
"300" 16875 2.00954444071133e-12 5.88019268397155e-12 5.17637970542708e-12 1.09810549434496e-12 6.01275112950396e-13 6.22753044000594e-12 1.21055535201276e-12 1.96619974616767e-11 2.48280713147487e-12 7.13379477906028e-12
