4537.63099110637
3369.12484852036
4514.42968929462
7397.2722856958
4199.92264260932
6064.21367052787
4335.64199544761
5135.10843881452
7954.33525269332
4169.99627895531
5289.60143250536
3338.36429721715
4054.83000549977
4575.89828701983
3969.07752819708
4280.96752536126
5108.52919768649
3587.06814401783
4677.45514794298
4091.1326613545
4901.85827306225
4953.50356297006
2928.76306481811
3603.89823393677
5146.45371244805
4285.36892078254
3301.33944711055
3785.89428213636
3491.54128221358
2982.92972821712
5032.38347675047
4444.95172863305
4439.64635754373
4263.33726079456
4566.37184108714
4948.50374276923
3354.18012611632
4107.10523258695
5040.0059818207
3104.35790370756
5049.13221121604
4906.88518903238
3234.65280270535
3784.08328478044
4212.55242305086
4521.54704469075
5208.30407885053
4222.2683396504
3667.38668828132
4886.39348397438
4530.6375701711
3391.78510563499
4841.01205044871
3238.3783667686
7059.41606381546
3782.38459647552
3403.12584630347
4086.67403316891
4270.81621819629
4005.69903343298
5340.68049295367
3789.52565157779
4610.16022392727
4626.24542734312
3774.1432478379
3275.07908741575
5063.75914466976
5266.96343336864
5498.50115517132
4368.94320171017
3364.2748038852
3061.91962718458
5367.95542829023
7564.71723142701
5817.04619936762
4870.73365401121
4228.49670807917
3705.76633530898
3976.42347489571
5821.34968873418
3507.63727696068
3975.00151826008
4318.12910612588
4275.76490087229
4510.064795926
5004.10638863306
3429.11368147789
3962.12379949819
4615.20176174746
3670.67648333616
5456.11987772172
3097.1598099238
3706.34080586481
3487.52571962161
4642.63818735666
3271.14839546746
4649.23432650007
4148.52456366778
4182.6878012449
4186.20731238929
4352.24753627895
4680.44046225804
4070.79474054904
4646.36015091625
3254.55674679858
4347.94707233612
4261.33565122955
4395.95576449933
3640.53012916474
4800.10316870163
4908.52846932653
5110.54921135349
4251.89879373059
4985.44359800117
3815.38704217071
3977.76661282616
4896.91551931856
3491.72927918907
5181.43878339491
4949.68752134178
3029.03176312254
3152.29430615257
3855.75881517133
3358.50225429808
4367.61140334892
4278.85675754613
6161.01135310989
5859.54375838684
4595.36118239643
4332.53789015744
5263.44524900188
3891.4466875845
5927.4940078349
4705.85239107932
5560.30790711943
3735.53210304217
4654.09794644432
5178.84269226329
4155.1643187695
5029.01564705891
3304.42943852114
5288.58264367705
5862.18064194863
3531.04615307101
3260.46487031286
3976.6528419505
3134.31463940266
4865.99809748789
4900.83604852541
5066.65523420858
4170.10879244126
4099.47775913081
5428.60264402329
6072.02945707394
3952.57289675455
4195.20166257319
5282.87849500877
4780.67805143544
5766.58410363482
3759.3988112638
5020.90468546227
4415.60231138393
4508.41065884569
5509.29966327218
4248.4804582629
5144.8039442787
3921.53603492313
4237.66502583197
3818.50431248392
4616.34824497979
5907.50209244278
5301.73231737209
5117.98577224901
4443.29602045096
4222.64544876978
4398.01977849281
4463.43790071722
3173.07291525675
3824.39643766932
3945.70036981024
5597.99157660677
3627.31573991667
2637.70144715255
5078.035137038
3348.42268225623
3781.31914739879
3654.76280030127
7165.83305865333
5329.26136407131
4580.93202706039
3199.36203737132
3830.38626215451
3063.15106510914
3401.41555458868
5410.5153028983
8514.20750472877
6157.87560020701
5264.11587797783
4164.48410928299
3709.66754635603
