4799.94769828659
4666.76373890198
4972.06539930923
4703.70450944683
4558.62879036637
5069.15250698769
4616.48635460113
5266.68864404471
4701.38458314652
4808.22024281104
4748.75611828865
4799.56433308514
4908.41710682604
4589.94826769634
4472.31619403506
4612.49751123097
4625.37342544346
4795.83779257152
4499.33805150115
4777.61615627711
4976.93204563127
4611.96200442727
5098.57083839415
4672.88364993761
4495.97437440144
4735.49012484815
4949.52847876935
4768.3191563591
4811.7513913513
4643.86481788546
4710.77163123876
4809.13913769197
4727.98614630625
4752.42505782095
5104.24609356546
4657.88587671144
4699.76966635
4786.98898816698
4770.04321996814
4666.72288269623
4960.84007444948
4822.80554973355
4680.15930957311
4737.72173632335
4728.96132205904
4631.84288318992
4520.65843447574
5113.33138858378
4423.97906878036
4704.79163714265
5250.18287296972
4430.94320864507
4513.26263941673
4812.43215228303
5093.40947033984
4693.72855635066
4493.2384989138
4584.1390960155
4544.66320661991
4559.95473901936
4801.7431629322
4702.25322266964
4740.8496594408
4673.86459685062
4854.42654528635
4866.76843808724
4830.21308849105
4778.2187147037
5135.35188577683
4561.01952202283
4709.59788514502
4526.52698962623
5045.6127891199
5101.68954827273
4952.03857327623
4435.79893223778
4664.51431901425
4689.86651335376
4846.07203798922
4423.60973899209
4426.22889104388
4690.84332885542
4817.19785806098
4581.68398481878
4662.59654405318
4992.36993198853
4909.09252304761
5046.43646648886
4792.13662765899
4538.45089017918
5051.51529068186
4549.11898484997
4820.74157358644
4880.72230001421
4527.53907073496
4178.74840488072
4735.84576115682
4759.61031563899
4573.9298525964
4844.87405546056
4742.22842277159
4552.90165544253
4720.80613015667
4770.00153084054
4563.22767609087
4558.11375593385
4701.25552352283
4581.9992919005
4669.65293591779
4912.68693311154
5153.67678900581
4966.58224186011
4968.23602098999
4882.36687654884
4829.11362144325
4785.30054693965
4804.82803727331
4777.49785852379
4816.66765166849
5077.15532386038
4882.35472082071
4472.48108572693
5191.04363555115
4716.59092137397
4815.34327612844
4710.58129099541
5128.28405201876
4667.16894364238
4675.58038886307
4797.4887334346
5143.43596247638
4942.73967804417
5019.37291141691
4790.43880656092
4568.46955056617
5072.30945050099
4570.52331365647
4613.44639355072
5095.28197248055
4872.68907126724
4646.83694964998
4681.62916261812
4874.49261779589
4523.67349296549
4583.70423087884
4853.40329945485
4469.31549484316
4631.12531904666
5172.80657025372
4896.55211941554
4685.56208963922
4986.8318708594
4968.4536558341
4826.98482858738
4928.06356245386
4843.12168470218
4961.69469691748
4836.94286125361
4843.66485712923
4737.79398114091
4864.62711839595
4744.39217252629
4779.68083711833
4906.38339010122
5178.65403961366
4821.64292284493
4788.17934284184
4682.89406038745
4916.45927416476
4791.9713282081
4925.38887826756
4943.11116187417
4810.11056604802
4573.7275885085
4953.84656054133
4602.56003213144
4979.8966813471
4571.53140196932
4862.86559669202
4727.44092065107
4884.95204525553
4690.70903009763
4676.25836871201
4849.1135794855
4650.70740225704
4948.97199663318
4529.05208088879
4774.7924914208
4686.55047348248
5128.30949913911
4680.51592283006
4790.55518834978
4928.43432913072
4750.20756015089
4897.06809128997
5253.71656029956
5162.01852155485
4827.74868054297
4675.35351001916
4699.08427753051
