4725.40043665481
4709.88638161629
4828.86322308311
4897.00893152125
4659.44215292512
4906.74551248896
4796.6675429708
4921.07087746381
4696.83061836454
4808.14655694629
4765.06135344774
4820.50842693016
4788.43048058575
4777.90639226151
4600.38795613631
4738.5816756578
4708.31417784812
4784.21874405622
4702.60144512397
4850.4611482414
4873.21637321765
4659.22732330544
5002.5653919567
4766.90125097555
4778.26140516094
4791.65926436157
4767.11063263938
4741.34681674657
4683.73063528416
4735.52228508821
4584.05792801982
4757.7427875377
4849.47251673203
4865.32640903712
4940.28501960894
4839.07950040193
4639.34742957512
4948.75348255521
4942.87832837168
4683.30613629036
4910.08484783356
4759.88310186065
4918.94629308185
4726.62262896548
4850.58418974579
4755.51161238641
4569.93772984199
4902.50056731248
4680.45307929137
4618.74222433254
5003.6031741792
4650.56568689994
4716.26065457454
4820.18209392758
4762.03711062409
4787.18617118141
4511.77333862126
4693.81496918826
4764.46835871317
4826.20709584298
4762.72288780921
4830.02074091598
4859.6573582883
4633.67887053327
4774.19121376691
4668.88280557846
4844.97590436278
4733.62281637027
4838.82484892145
4565.12737800467
4756.1759885616
4785.1565727694
4852.83071549138
5059.07830110567
4932.05546108824
4857.24167249681
4794.26287575099
4781.12306655648
4804.81596602036
4624.83682117376
4777.31900160793
4732.04428738379
4706.12857651646
4670.84134807673
4758.02946060899
4813.06371276352
4752.05889940101
4926.73579879979
4614.58992098692
4644.47175241119
4900.47216719538
4700.58832597244
4773.59377943107
4857.12468117725
4706.4486082742
4570.43941534233
4819.16943923917
4750.35708822241
4867.20506038282
4853.56866687232
4732.98124981303
4725.09917919006
4786.91447814505
4811.30837025352
4674.88961354219
4846.71098950511
4876.83950285224
4686.97727913556
4592.99748025855
5021.23485783193
4772.83171900045
4760.34135279789
4838.82702638565
4884.33424171225
4715.51966154814
4757.85382922708
4708.22292236142
4903.39032755315
4711.37249801008
4768.2352437825
4776.74423960757
4576.38573529864
4782.97683595236
4825.7803069373
4718.90307983185
4811.87252199026
4738.08267357721
4712.93616406213
4630.97481141511
4994.39531051183
4922.27066164363
4971.21372243758
4774.95785429344
4912.45707400033
4614.36531042099
4879.40505091619
4729.67817425234
4613.80875825391
4748.78434604436
4889.28662940661
4612.37878709278
4856.61612531696
4893.59889636025
4987.83276615182
4794.18390471016
4646.2797977152
4472.58759764049
4676.21514745435
4948.38548451421
4787.55453860158
4636.64465824983
4923.15111591655
4769.95689512473
4735.39034970616
4724.28401340664
4773.67414868715
4810.6321496131
4716.60999947699
4757.6077536307
4860.06687906657
4806.71891502334
4770.57859420323
4920.55210551086
5052.29423092141
4955.40873911097
4897.61273586605
4774.6998781807
4723.48855175111
4840.51796546938
4877.26540132399
4717.13198652207
5054.59393083337
4662.43118409173
4665.29610568244
4853.39930817527
4786.41491796769
4844.82714592852
4664.00643097751
4919.90013189071
4695.7059439841
4903.40435049142
4734.74955320399
4737.61702983466
4800.6238101616
4771.84565126289
4792.51316700755
4833.98016281575
4707.23268930564
4808.39626293828
5047.11351550061
4791.99677305764
4721.23232558011
4843.38270896964
4843.00007385712
4686.47378488579
4826.53685932291
4990.63300729801
4855.32026077257
4802.21561065429
4828.19479902915
