4784.36084559458
4826.71712318731
4740.76856596768
4810.12328921012
4875.92975089759
4821.60427331126
4769.95493303672
4805.05381501682
4763.18199462159
4766.31058400018
4816.23055121059
4142.02392507017
4727.87400335347
4767.14585892967
4712.94638558776
4753.66326244105
4722.87598036351
4756.71504880705
4828.4035712607
4874.77406626004
4848.82203789546
4631.67562088061
4787.95098105686
4805.17331318951
4773.95678743187
4726.82111346286
4786.64464481526
4784.01909776341
4655.46355042924
4767.91253896408
4697.16056828885
4843.25841344531
4788.09844659396
4742.20977725086
4844.96707285275
4810.88579355198
4770.02504272173
4869.80210712714
4920.98900320459
4725.44110848692
4865.27666453926
4824.36269033662
4873.71675763307
4769.62284093218
4831.10833561039
4829.82337371325
4730.5452302257
4818.32761738136
4823.80080838943
4793.24560067036
4904.15373931292
4785.81398820127
4769.04608439893
4821.52783812912
4843.76320151865
4877.20704462017
4588.31511861023
4767.22896948527
4779.61519500598
4805.56446957176
4828.58965702584
4804.75883929578
4801.29231370106
4702.16041513381
4807.11874698079
4809.82516033235
4893.51379082923
4778.81996133688
4731.51993848813
4767.66978454996
4867.89017536418
4948.85064638048
4862.40936133747
4923.37248350176
4925.50085791659
4805.24087590139
4803.29439941301
4700.93074447214
4757.88504497931
4711.41146834606
4783.00035281046
4690.22689742052
4701.39293516261
4935.92005138301
4815.17815118213
4737.51269309652
4796.21171843204
4944.90035248496
4813.78227478407
4843.85493026129
4851.57447530976
4757.95518927601
4828.95717212254
4889.42342747559
4784.86515627867
4656.27769494758
4798.34165097057
4820.68383239127
4824.55346428305
4648.17758014645
4734.08298081711
4759.30880422821
4850.68478375555
4759.06653669927
4710.28982009383
4730.18139555239
4737.46837144748
4814.64770588279
4717.58040428744
4836.33932994687
4716.04282055829
4729.9343266121
4815.3876739477
4843.91328784101
4808.23811341343
4755.73208164122
4858.69882354074
4796.09983664838
4761.42215676687
4803.0323559867
4819.60074291738
4778.78583715619
4796.72737614475
4796.98477100841
4662.24534969988
4936.01835652909
4805.00278253997
4760.3204735264
4738.44245343367
4890.88609764513
4922.82078337585
4861.96434495449
4891.64251579335
4839.30664630902
4794.78152297083
4838.61354582027
4788.30467710619
4797.59112310826
4723.09483316697
4941.95830645601
4737.31701065687
4820.68273554116
4851.24877503755
4870.00013694232
4770.49420672655
4849.91206677916
4731.64584180118
4668.83605902223
4878.99647013943
4728.49082238863
4692.55947521047
4732.68351123343
4767.65021586882
4852.21057114352
4808.18382711622
4794.53772999497
4707.6034915962
4835.81611166579
4737.80717211345
4835.64503684193
4849.41894494618
4750.21841228119
4931.44651895037
4986.80051508643
4812.17929403753
4762.54698216334
4771.40276666917
4671.09599270137
4730.59140751649
4796.52860468661
4752.17639823304
4895.340688819
4740.98971903115
4788.7969393611
4814.44295632939
4829.84007492604
4923.95856610685
4807.66898609126
4935.86258330718
4736.32868757112
4871.2691208288
4805.6418765248
4796.65791982479
4848.79528516985
4714.21279973071
4904.12198591725
4863.67652956126
4785.18979092017
4832.86261385966
4925.72697010873
4813.0765036428
4804.53047469303
4750.13348247082
4750.9444258717
4767.93224652213
4760.79355973047
4926.62861371828
4867.1086097992
4792.07483723571
4828.57036130366
