4205.46338246277
4147.30627474846
5187.53949076895
4740.33947294545
4623.93284858963
5818.70431447801
4646.41959701239
5527.4770877989
5158.45873041873
4750.48120640178
4813.33165668624
4074.5840554474
4010.64103952747
5029.00953516141
4376.78175503386
4661.1543233968
4552.97018505739
4737.17141745269
4664.33683073092
4507.24179439913
4493.27233445692
4560.5487873582
4331.64262308891
3804.41954949083
4411.52233583734
4628.79990934448
4367.42222390118
4575.30345970131
4252.65700550108
4297.29543488522
4662.28090715491
4656.14306009187
4625.90784000901
4985.25016823041
5880.1961846651
4377.14563672319
4269.24872175412
4726.31613021276
4594.89195638113
4567.98766732233
5071.09294600117
4748.95623093098
4587.33395574235
4515.02412147102
4836.69144902843
4621.55374094322
4868.64371917959
5100.25129769139
4735.79649201144
4379.99829758492
4758.36819957211
4354.59389091744
4578.89779251452
5077.09801147147
5812.38177736254
4644.95873121617
4312.11311679273
4283.52187354279
4799.98974235746
4115.25113295188
5046.54380094182
4236.72321001382
4899.82070528405
4361.96629219318
4262.58522916383
4977.40703279721
4856.12935561949
5456.74860152985
5010.57501283448
4607.6316331025
4666.41168811882
4109.5556335675
5104.48988368647
5494.90655374953
4729.7622349386
4690.69336718678
4417.41359455666
4371.48617764808
4607.49059592382
4696.46428892588
4297.6965175197
5015.53369572691
4795.27972242001
3856.13817054739
4329.14754121506
5089.39242354674
4899.22087770734
4839.12352115934
4974.93074061192
4850.66888578553
5115.57404631956
4360.51620040592
3699.1834974733
4833.95943291141
4300.58432409881
3961.37251045281
4840.28936860828
5065.99200109734
4334.76182361546
4880.37970318645
4744.89856067233
4964.0634183971
5160.11637325781
4404.43315438564
4179.6567977295
4517.43907106226
4621.62841016133
4070.64617013741
5610.66114690465
5051.39024082989
4730.93878262024
4965.76736774694
4758.72445345216
5155.51868995655
4055.3252508823
4472.26828056814
5299.20499896371
4674.99460336659
4883.81114110839
5406.49381689471
4614.01703482876
3902.86683511811
6273.71878930798
4653.67131878668
5356.67379371287
4533.0504940233
5407.88400067254
4849.64601299332
4491.95327996522
4584.14490714987
5527.1572742623
4665.37590853511
4915.19037438293
4646.40533979301
4681.11105488778
4294.00183807472
4719.97236317188
4806.00652491676
4310.68854768207
4970.06226322498
4517.61215604821
4616.95602546581
4975.38592154619
4362.35857764476
4346.24118741375
4334.08357105708
4439.2045993544
4636.80144026682
5782.37498948188
4971.7301641657
4948.78745244598
4564.20830000472
5048.97961939287
5364.92151055119
4408.31492828333
4289.35359308644
5645.83719897797
5242.63157241702
5146.82417611465
4431.5824181803
4727.1015655696
5377.80469589286
4550.14388287489
5298.12250491095
4423.28641155888
4719.79356452391
5077.44218662211
4672.17316004514
4634.83570172435
4730.98316194776
4949.07863693834
4746.96101303835
4968.86104694992
4826.72288622598
4419.69744527567
4498.41137378354
5331.28462606758
4729.73668661345
5176.6701676593
4619.99236078939
4886.48096220357
4595.34174083692
4619.59745306189
4795.90807826747
4043.43865778205
4675.82160834895
4569.04202389089
5499.15319867591
4540.23138932214
4757.22492977898
4878.09180057971
4616.42711318256
4309.03229717266
4713.72316041682
5113.40188041315
5638.14467356511
5559.79415701052
5357.58229764727
4489.61883714592
4467.55517062583
