4374.46215631105
3526.84429186856
5110.55149110552
6110.73405947014
5096.863645299
6692.13910551078
5231.0346646508
4794.32196995093
6450.58813864817
5131.71827098343
4948.96823988743
3056.34321830797
3880.25464614853
5607.09598454932
3991.11030911482
4378.56808170373
4706.05328719616
4685.81209304248
4644.94253947821
4641.80985179448
4650.24422607852
4728.1939803944
4477.24612518354
3810.89563557275
4809.1809381942
4697.37959111054
3446.64211058407
4494.05557960948
3483.35154337084
4312.06797026863
5010.0800908243
4956.74651580354
3991.72561461915
5406.43043518482
5370.61960747001
4775.26313728447
4031.73295421273
5147.89129687747
4946.12270235713
4370.25576222785
5425.1939903306
4670.91045969256
3860.90188775213
4351.74556149872
4810.20212113635
4265.05342077287
4972.15396972976
4207.53355386534
4590.56172333593
4631.13270054036
5205.14654391853
3714.25371405363
4343.66480110831
3467.57094793352
6020.1030132157
3529.55139142551
3455.22800882543
4189.30149953044
4006.01186515466
3700.05269906864
5325.71412381752
4249.41415489058
4691.11610462326
4390.32957219514
3698.94758072881
5313.23590991609
4731.43305011963
5869.04939146422
5039.83963332272
4192.43492953926
3560.93376262878
4273.33913548903
4912.50056004019
6421.7891506182
5226.63811463092
4605.81234908031
4850.93061834904
4563.99585270662
3903.81710610628
5318.73919327052
4745.64063875231
3818.30225718843
4671.0220738102
3957.35276617698
4914.60100623804
4669.65851389533
4149.89685400248
3656.16004466363
4335.49945908005
5599.40063110727
5134.36709124452
3332.65973056091
3729.71349900134
5153.6784557572
4416.5625048701
3673.03830714115
5210.18385131631
4874.41027385407
4056.923404803
5186.62206035729
4392.68004603417
4046.73526059579
4239.88273391714
4465.58335792638
4203.61779661583
4109.39878445602
4074.99363570444
4101.63169386294
3719.78111390204
4755.69609560106
5097.27746229885
5051.49683808909
4069.06269872798
4751.34322124141
4237.0669215809
4267.38714653487
4864.81765336832
3478.41745820676
4682.55179930868
4663.19889379257
4577.85001506421
3448.5104626732
4173.69417813947
4341.3026567797
4129.23554553093
4555.77313933187
6207.93185308138
5033.85683885007
4434.66169408446
4335.95601975376
4863.53901868343
4457.43955987975
5341.008794223
4868.31436250741
4978.94275921882
3712.57612352119
4459.67390439592
5090.39915013407
3986.00427008308
5104.52838022803
4001.86480462246
4959.47733443506
4927.14734878474
4928.13512300422
3494.21797222216
3738.54947366986
3319.10142660104
4416.39109826401
4859.77092634266
4575.78362329727
3922.39668062792
4309.38937267513
5066.92746749475
6033.17135543163
4156.79697395569
3959.90268957136
6349.19493060751
5788.70862296156
5527.90735722267
4481.53180779136
4817.46874620653
4382.17459392409
4889.95236070834
5715.36037209666
5216.95565089106
4623.97586868971
5403.79591443343
4270.87267692814
4195.89438163595
5069.19183825545
5564.85678444708
4953.39373754602
4632.71375213416
3953.75136787217
4596.62635008145
4487.26487992817
5498.18335810212
3890.9303221601
4404.66158556401
4343.76827633971
5366.17224295779
3623.83747178976
4614.34610145203
4790.90261588304
3546.31583341849
4254.69076157823
3940.98311878978
6423.44028392868
4780.23926403414
4278.31724632638
5124.66147852038
4611.5037432677
4169.15624330463
3980.18699986005
5122.44788819453
6554.89988758853
5704.8206918572
4677.68814677932
4571.00275916159
4116.26607307411
