4219.78260869565
4025.48494983278
4284.54849498328
4025.48494983278
4025.48494983278
4349.3143812709
4025.48494983278
4414.08026755853
4090.2508361204
4155.01672240803
4219.78260869565
4090.2508361204
4155.01672240803
4025.48494983278
4025.48494983278
4090.2508361204
4155.01672240803
4090.2508361204
3895.95317725752
3960.71906354515
4219.78260869565
4090.2508361204
4284.54849498328
4155.01672240803
3895.95317725752
4219.78260869565
4284.54849498328
4025.48494983278
4155.01672240803
4090.2508361204
4219.78260869565
4349.3143812709
4090.2508361204
4219.78260869565
4414.08026755853
4155.01672240803
4025.48494983278
4155.01672240803
4090.2508361204
4155.01672240803
4284.54849498328
4349.3143812709
4090.2508361204
4155.01672240803
4219.78260869565
4025.48494983278
4090.2508361204
4349.3143812709
3895.95317725752
4090.2508361204
4478.84615384615
3960.71906354515
4025.48494983278
4155.01672240803
4219.78260869565
4155.01672240803
4025.48494983278
4025.48494983278
3895.95317725752
3960.71906354515
4219.78260869565
4090.2508361204
4219.78260869565
4090.2508361204
4219.78260869565
4349.3143812709
4284.54849498328
4090.2508361204
4284.54849498328
4090.2508361204
4025.48494983278
4090.2508361204
4478.84615384615
4349.3143812709
4284.54849498328
3960.71906354515
4025.48494983278
4155.01672240803
4219.78260869565
3895.95317725752
3895.95317725752
4025.48494983278
4219.78260869565
3960.71906354515
4155.01672240803
4284.54849498328
4284.54849498328
4219.78260869565
4090.2508361204
3960.71906354515
4349.3143812709
4025.48494983278
4155.01672240803
4219.78260869565
3960.71906354515
3831.1872909699
4219.78260869565
4090.2508361204
4090.2508361204
4284.54849498328
4090.2508361204
4025.48494983278
4090.2508361204
4219.78260869565
3960.71906354515
4090.2508361204
4219.78260869565
4090.2508361204
4090.2508361204
4219.78260869565
4284.54849498328
4414.08026755853
4284.54849498328
4219.78260869565
4284.54849498328
4155.01672240803
4155.01672240803
4155.01672240803
4025.48494983278
4349.3143812709
4349.3143812709
4025.48494983278
4284.54849498328
4155.01672240803
4155.01672240803
4090.2508361204
4155.01672240803
4090.2508361204
4090.2508361204
4284.54849498328
4349.3143812709
4349.3143812709
4284.54849498328
4155.01672240803
4090.2508361204
4284.54849498328
4025.48494983278
4090.2508361204
4349.3143812709
4219.78260869565
4025.48494983278
4155.01672240803
4284.54849498328
3960.71906354515
3960.71906354515
4219.78260869565
3960.71906354515
4090.2508361204
4284.54849498328
4284.54849498328
4025.48494983278
4284.54849498328
4284.54849498328
4284.54849498328
4025.48494983278
4219.78260869565
4219.78260869565
4284.54849498328
4219.78260869565
4219.78260869565
4284.54849498328
4090.2508361204
4219.78260869565
4284.54849498328
4414.08026755853
4090.2508361204
4155.01672240803
4155.01672240803
4284.54849498328
4155.01672240803
4284.54849498328
4284.54849498328
4219.78260869565
4155.01672240803
4219.78260869565
4025.48494983278
4284.54849498328
4025.48494983278
4155.01672240803
4155.01672240803
4219.78260869565
4090.2508361204
4219.78260869565
4155.01672240803
4090.2508361204
4155.01672240803
4025.48494983278
4155.01672240803
4155.01672240803
4414.08026755853
4155.01672240803
4219.78260869565
4284.54849498328
4219.78260869565
4219.78260869565
4414.08026755853
4543.61204013378
4090.2508361204
4155.01672240803
4155.01672240803
