4025.48494983278
3313.0602006689
4737.90969899666
4478.84615384615
4673.14381270903
5709.39799331104
4414.08026755853
4349.3143812709
4478.84615384615
4284.54849498328
4478.84615384615
2924.46488294314
3572.1237458194
4867.44147157191
3636.88963210702
4090.2508361204
4219.78260869565
3960.71906354515
4219.78260869565
3895.95317725752
4349.3143812709
4155.01672240803
3960.71906354515
3636.88963210702
3831.1872909699
4219.78260869565
3313.0602006689
3895.95317725752
3313.0602006689
3831.1872909699
4478.84615384615
4349.3143812709
3766.42140468227
4737.90969899666
4543.61204013378
4349.3143812709
3766.42140468227
4414.08026755853
4608.3779264214
4155.01672240803
4867.44147157191
4219.78260869565
3701.65551839465
4025.48494983278
4284.54849498328
4025.48494983278
4219.78260869565
4025.48494983278
4219.78260869565
4349.3143812709
4608.3779264214
3507.35785953177
4025.48494983278
3248.29431438127
4802.67558528428
3442.59197324415
3183.52842809365
3831.1872909699
3572.1237458194
3377.82608695652
4673.14381270903
3895.95317725752
4349.3143812709
4090.2508361204
3572.1237458194
4802.67558528428
4284.54849498328
5126.50501672241
4349.3143812709
3960.71906354515
3442.59197324415
3895.95317725752
4349.3143812709
4867.44147157191
4543.61204013378
4090.2508361204
4219.78260869565
3895.95317725752
3572.1237458194
4673.14381270903
4219.78260869565
3507.35785953177
4349.3143812709
3507.35785953177
4414.08026755853
4155.01672240803
3895.95317725752
3442.59197324415
3960.71906354515
4996.97324414716
3895.95317725752
3183.52842809365
3572.1237458194
4673.14381270903
3895.95317725752
3442.59197324415
4543.61204013378
4219.78260869565
3831.1872909699
4673.14381270903
4090.2508361204
3701.65551839465
3960.71906354515
4155.01672240803
3766.42140468227
3831.1872909699
3895.95317725752
3895.95317725752
3442.59197324415
4155.01672240803
4608.3779264214
4673.14381270903
3895.95317725752
4284.54849498328
3895.95317725752
3960.71906354515
4478.84615384615
3313.0602006689
3766.42140468227
4155.01672240803
4025.48494983278
3183.52842809365
3960.71906354515
3960.71906354515
3831.1872909699
4284.54849498328
5256.03678929766
4219.78260869565
4219.78260869565
4155.01672240803
4219.78260869565
4090.2508361204
4478.84615384615
4219.78260869565
4349.3143812709
3572.1237458194
4155.01672240803
4608.3779264214
3766.42140468227
4608.3779264214
3766.42140468227
4414.08026755853
3701.65551839465
3572.1237458194
3313.0602006689
3507.35785953177
3183.52842809365
3831.1872909699
4284.54849498328
4155.01672240803
3636.88963210702
3766.42140468227
4219.78260869565
5320.80267558528
3766.42140468227
3701.65551839465
4867.44147157191
5256.03678929766
5061.73913043478
4090.2508361204
4478.84615384615
4090.2508361204
4543.61204013378
5385.56856187291
4349.3143812709
3895.95317725752
4802.67558528428
4025.48494983278
3895.95317725752
4673.14381270903
4996.97324414716
4478.84615384615
3701.65551839465
3636.88963210702
4284.54849498328
3960.71906354515
4673.14381270903
3442.59197324415
3960.71906354515
4025.48494983278
4737.90969899666
3442.59197324415
4284.54849498328
3960.71906354515
3377.82608695652
3766.42140468227
3636.88963210702
5191.27090301003
4284.54849498328
3960.71906354515
4478.84615384615
4155.01672240803
3895.95317725752
3636.88963210702
4478.84615384615
5061.73913043478
5061.73913043478
3572.1237458194
4219.78260869565
3831.1872909699
