4090.2508361204
4025.48494983278
4155.01672240803
4219.78260869565
4090.2508361204
4219.78260869565
4155.01672240803
4155.01672240803
4090.2508361204
4155.01672240803
4219.78260869565
4155.01672240803
4155.01672240803
4090.2508361204
4025.48494983278
4219.78260869565
4155.01672240803
4090.2508361204
4090.2508361204
4155.01672240803
4219.78260869565
4090.2508361204
4284.54849498328
4155.01672240803
4090.2508361204
4219.78260869565
4155.01672240803
4090.2508361204
4090.2508361204
4090.2508361204
4090.2508361204
4219.78260869565
4219.78260869565
4219.78260869565
4219.78260869565
4219.78260869565
4025.48494983278
4284.54849498328
4219.78260869565
4155.01672240803
4284.54849498328
4219.78260869565
4219.78260869565
4155.01672240803
4219.78260869565
4090.2508361204
4025.48494983278
4219.78260869565
4090.2508361204
4025.48494983278
4284.54849498328
4090.2508361204
4155.01672240803
4155.01672240803
4090.2508361204
4155.01672240803
4025.48494983278
4155.01672240803
4155.01672240803
4155.01672240803
4219.78260869565
4155.01672240803
4219.78260869565
4090.2508361204
4090.2508361204
4155.01672240803
4219.78260869565
4090.2508361204
4155.01672240803
4025.48494983278
4090.2508361204
4155.01672240803
4219.78260869565
4349.3143812709
4219.78260869565
4219.78260869565
4219.78260869565
4219.78260869565
4155.01672240803
4025.48494983278
4155.01672240803
4090.2508361204
4155.01672240803
4155.01672240803
4155.01672240803
4219.78260869565
4155.01672240803
4219.78260869565
4090.2508361204
4090.2508361204
4219.78260869565
4090.2508361204
4155.01672240803
4219.78260869565
4025.48494983278
4025.48494983278
4219.78260869565
4090.2508361204
4219.78260869565
4219.78260869565
4090.2508361204
4155.01672240803
4155.01672240803
4284.54849498328
4090.2508361204
4219.78260869565
4284.54849498328
4155.01672240803
4025.48494983278
4284.54849498328
4155.01672240803
4219.78260869565
4219.78260869565
4219.78260869565
4155.01672240803
4090.2508361204
4090.2508361204
4219.78260869565
4025.48494983278
4155.01672240803
4155.01672240803
4025.48494983278
4090.2508361204
4219.78260869565
4090.2508361204
4219.78260869565
4090.2508361204
4090.2508361204
4025.48494983278
4349.3143812709
4219.78260869565
4284.54849498328
4090.2508361204
4219.78260869565
4090.2508361204
4155.01672240803
4155.01672240803
4090.2508361204
4090.2508361204
4219.78260869565
4025.48494983278
4219.78260869565
4219.78260869565
4284.54849498328
4090.2508361204
4090.2508361204
3960.71906354515
4155.01672240803
4219.78260869565
4219.78260869565
4025.48494983278
4219.78260869565
4090.2508361204
4155.01672240803
4090.2508361204
4090.2508361204
4155.01672240803
4155.01672240803
4219.78260869565
4284.54849498328
4219.78260869565
4090.2508361204
4284.54849498328
4219.78260869565
4284.54849498328
4155.01672240803
4219.78260869565
4155.01672240803
4155.01672240803
4219.78260869565
4090.2508361204
4284.54849498328
4090.2508361204
4090.2508361204
4155.01672240803
4155.01672240803
4155.01672240803
4155.01672240803
4219.78260869565
4090.2508361204
4219.78260869565
4090.2508361204
4155.01672240803
4090.2508361204
4155.01672240803
4155.01672240803
4155.01672240803
4090.2508361204
4219.78260869565
4284.54849498328
4155.01672240803
4155.01672240803
4219.78260869565
4155.01672240803
4090.2508361204
4155.01672240803
4284.54849498328
4155.01672240803
4155.01672240803
4219.78260869565
