4155.01672240803
4155.01672240803
4090.2508361204
4155.01672240803
4219.78260869565
4155.01672240803
4155.01672240803
4155.01672240803
4155.01672240803
4155.01672240803
4219.78260869565
3572.1237458194
4155.01672240803
4090.2508361204
4090.2508361204
4090.2508361204
4155.01672240803
4155.01672240803
4155.01672240803
4219.78260869565
4219.78260869565
4090.2508361204
4155.01672240803
4155.01672240803
4155.01672240803
4155.01672240803
4155.01672240803
4090.2508361204
4090.2508361204
4155.01672240803
4090.2508361204
4219.78260869565
4219.78260869565
4090.2508361204
4155.01672240803
4155.01672240803
4155.01672240803
4219.78260869565
4219.78260869565
4155.01672240803
4219.78260869565
4219.78260869565
4219.78260869565
4155.01672240803
4155.01672240803
4155.01672240803
4155.01672240803
4155.01672240803
4219.78260869565
4155.01672240803
4219.78260869565
4155.01672240803
4155.01672240803
4155.01672240803
4155.01672240803
4219.78260869565
4090.2508361204
4155.01672240803
4155.01672240803
4155.01672240803
4219.78260869565
4219.78260869565
4155.01672240803
4090.2508361204
4155.01672240803
4155.01672240803
4219.78260869565
4090.2508361204
4090.2508361204
4155.01672240803
4155.01672240803
4219.78260869565
4219.78260869565
4284.54849498328
4219.78260869565
4155.01672240803
4219.78260869565
4090.2508361204
4090.2508361204
4155.01672240803
4155.01672240803
4155.01672240803
4090.2508361204
4219.78260869565
4155.01672240803
4155.01672240803
4155.01672240803
4219.78260869565
4155.01672240803
4219.78260869565
4155.01672240803
4155.01672240803
4155.01672240803
4219.78260869565
4155.01672240803
4090.2508361204
4155.01672240803
4155.01672240803
4155.01672240803
4090.2508361204
4090.2508361204
4219.78260869565
4155.01672240803
4155.01672240803
4090.2508361204
4155.01672240803
4155.01672240803
4219.78260869565
4090.2508361204
4155.01672240803
4090.2508361204
4155.01672240803
4219.78260869565
4155.01672240803
4155.01672240803
4155.01672240803
4155.01672240803
4155.01672240803
4090.2508361204
4155.01672240803
4155.01672240803
4155.01672240803
4155.01672240803
4219.78260869565
4090.2508361204
4284.54849498328
4155.01672240803
4155.01672240803
4155.01672240803
4284.54849498328
4284.54849498328
4219.78260869565
4219.78260869565
4219.78260869565
4155.01672240803
4155.01672240803
4155.01672240803
4155.01672240803
4155.01672240803
4219.78260869565
4090.2508361204
4155.01672240803
4219.78260869565
4219.78260869565
4155.01672240803
4155.01672240803
4090.2508361204
4090.2508361204
4219.78260869565
4090.2508361204
4090.2508361204
4090.2508361204
4090.2508361204
4155.01672240803
4155.01672240803
4155.01672240803
4090.2508361204
4219.78260869565
4155.01672240803
4155.01672240803
4219.78260869565
4155.01672240803
4219.78260869565
4284.54849498328
4219.78260869565
4155.01672240803
4155.01672240803
4090.2508361204
4090.2508361204
4155.01672240803
4155.01672240803
4155.01672240803
4155.01672240803
4219.78260869565
4155.01672240803
4155.01672240803
4219.78260869565
4155.01672240803
4284.54849498328
4090.2508361204
4219.78260869565
4155.01672240803
4155.01672240803
4155.01672240803
4155.01672240803
4284.54849498328
4155.01672240803
4155.01672240803
4155.01672240803
4219.78260869565
4155.01672240803
4155.01672240803
4155.01672240803
4155.01672240803
4155.01672240803
4155.01672240803
4219.78260869565
4155.01672240803
4155.01672240803
4219.78260869565
