3895.95317725752
3831.1872909699
4478.84615384615
3960.71906354515
4155.01672240803
4802.67558528428
4025.48494983278
4737.90969899666
4349.3143812709
4025.48494983278
4414.08026755853
3572.1237458194
3636.88963210702
4414.08026755853
3766.42140468227
4219.78260869565
4090.2508361204
4219.78260869565
4155.01672240803
3895.95317725752
4155.01672240803
3960.71906354515
3960.71906354515
3572.1237458194
3895.95317725752
4090.2508361204
3766.42140468227
3960.71906354515
3831.1872909699
3960.71906354515
4155.01672240803
4219.78260869565
4155.01672240803
4414.08026755853
5126.50501672241
4025.48494983278
3766.42140468227
4155.01672240803
4155.01672240803
4284.54849498328
4543.61204013378
4284.54849498328
4155.01672240803
4090.2508361204
4414.08026755853
4219.78260869565
4349.3143812709
4284.54849498328
4349.3143812709
4025.48494983278
4219.78260869565
3831.1872909699
4155.01672240803
4219.78260869565
4608.3779264214
4025.48494983278
3831.1872909699
3895.95317725752
3831.1872909699
3766.42140468227
4414.08026755853
3831.1872909699
4478.84615384615
3960.71906354515
3895.95317725752
4543.61204013378
4284.54849498328
4608.3779264214
4349.3143812709
4155.01672240803
4025.48494983278
3766.42140468227
4478.84615384615
4543.61204013378
4155.01672240803
4155.01672240803
3895.95317725752
3960.71906354515
4155.01672240803
4155.01672240803
3895.95317725752
4219.78260869565
4219.78260869565
3507.35785953177
3895.95317725752
4543.61204013378
4414.08026755853
3895.95317725752
4219.78260869565
4284.54849498328
4414.08026755853
3895.95317725752
3442.59197324415
4284.54849498328
3831.1872909699
3701.65551839465
4219.78260869565
4414.08026755853
3960.71906354515
4284.54849498328
4155.01672240803
4090.2508361204
4219.78260869565
3831.1872909699
3766.42140468227
4155.01672240803
4284.54849498328
3831.1872909699
4737.90969899666
4025.48494983278
4155.01672240803
4543.61204013378
4284.54849498328
4414.08026755853
3766.42140468227
4090.2508361204
4802.67558528428
4090.2508361204
3895.95317725752
4478.84615384615
4155.01672240803
3572.1237458194
4414.08026755853
4155.01672240803
4349.3143812709
4284.54849498328
4543.61204013378
4155.01672240803
4219.78260869565
4090.2508361204
4414.08026755853
4219.78260869565
4219.78260869565
4155.01672240803
4090.2508361204
3895.95317725752
4155.01672240803
4284.54849498328
3766.42140468227
4414.08026755853
4025.48494983278
4090.2508361204
4155.01672240803
3701.65551839465
3831.1872909699
3831.1872909699
3895.95317725752
4090.2508361204
4737.90969899666
4349.3143812709
4284.54849498328
4025.48494983278
4414.08026755853
4608.3779264214
3831.1872909699
4025.48494983278
4737.90969899666
4608.3779264214
4737.90969899666
4025.48494983278
4219.78260869565
4478.84615384615
4219.78260869565
4737.90969899666
3960.71906354515
4025.48494983278
4349.3143812709
4219.78260869565
4219.78260869565
4349.3143812709
4414.08026755853
4284.54849498328
4414.08026755853
4349.3143812709
3960.71906354515
4025.48494983278
4543.61204013378
4090.2508361204
4284.54849498328
4219.78260869565
4284.54849498328
4025.48494983278
4155.01672240803
4155.01672240803
3766.42140468227
3960.71906354515
3960.71906354515
4543.61204013378
4155.01672240803
4219.78260869565
4414.08026755853
4090.2508361204
3960.71906354515
4284.54849498328
4284.54849498328
4737.90969899666
4737.90969899666
4090.2508361204
4090.2508361204
4025.48494983278
