4219.78260869565
3248.29431438127
4219.78260869565
5709.39799331104
3960.71906354515
5320.80267558528
4025.48494983278
4737.90969899666
6097.99331103679
3960.71906354515
4932.20735785953
3183.52842809365
3766.42140468227
4025.48494983278
3766.42140468227
4025.48494983278
4673.14381270903
3377.82608695652
4155.01672240803
3507.35785953177
4673.14381270903
4025.48494983278
2794.93311036789
3442.59197324415
4219.78260869565
4090.2508361204
3183.52842809365
3507.35785953177
3313.0602006689
2859.69899665552
4608.3779264214
3895.95317725752
4155.01672240803
4025.48494983278
4155.01672240803
4673.14381270903
3183.52842809365
4025.48494983278
4867.44147157191
2989.23076923077
4802.67558528428
4608.3779264214
3183.52842809365
3636.88963210702
3960.71906354515
4284.54849498328
4414.08026755853
4090.2508361204
3313.0602006689
4543.61204013378
4090.2508361204
3248.29431438127
4414.08026755853
3118.76254180602
6097.99331103679
3442.59197324415
3118.76254180602
3701.65551839465
3960.71906354515
3572.1237458194
4867.44147157191
3507.35785953177
4284.54849498328
4349.3143812709
3636.88963210702
3183.52842809365
4673.14381270903
4349.3143812709
4996.97324414716
4025.48494983278
3248.29431438127
2924.46488294314
4349.3143812709
6162.75919732442
4608.3779264214
4349.3143812709
4090.2508361204
3572.1237458194
3507.35785953177
5126.50501672241
3377.82608695652
3572.1237458194
4090.2508361204
3895.95317725752
4025.48494983278
4478.84615384615
3248.29431438127
3766.42140468227
4349.3143812709
3572.1237458194
4349.3143812709
2989.23076923077
3572.1237458194
3377.82608695652
4284.54849498328
2924.46488294314
4284.54849498328
3895.95317725752
3960.71906354515
3831.1872909699
4090.2508361204
4155.01672240803
3895.95317725752
4284.54849498328
3118.76254180602
3895.95317725752
4090.2508361204
3960.71906354515
3442.59197324415
4284.54849498328
4478.84615384615
4802.67558528428
4025.48494983278
4543.61204013378
3636.88963210702
3636.88963210702
4543.61204013378
3377.82608695652
4737.90969899666
4608.3779264214
2924.46488294314
3053.99665551839
3766.42140468227
3248.29431438127
4155.01672240803
4090.2508361204
5644.63210702341
5061.73913043478
4414.08026755853
4219.78260869565
4673.14381270903
3766.42140468227
5320.80267558528
3636.88963210702
4996.97324414716
3572.1237458194
4219.78260869565
4737.90969899666
3895.95317725752
4478.84615384615
3183.52842809365
4932.20735785953
4802.67558528428
3377.82608695652
3183.52842809365
3766.42140468227
3053.99665551839
4349.3143812709
4284.54849498328
4543.61204013378
3831.1872909699
3636.88963210702
4414.08026755853
4737.90969899666
3636.88963210702
3766.42140468227
4673.14381270903
4414.08026755853
5385.56856187291
3572.1237458194
4673.14381270903
4155.01672240803
4349.3143812709
5256.03678929766
3831.1872909699
4155.01672240803
3572.1237458194
4090.2508361204
3701.65551839465
4478.84615384615
5450.33444816054
4867.44147157191
4155.01672240803
3831.1872909699
4090.2508361204
3895.95317725752
4284.54849498328
3053.99665551839
3636.88963210702
3766.42140468227
5256.03678929766
3442.59197324415
2535.86956521739
4219.78260869565
3183.52842809365
3636.88963210702
3442.59197324415
6227.52508361204
4673.14381270903
3960.71906354515
3053.99665551839
3636.88963210702
2989.23076923077
3183.52842809365
4932.20735785953
6616.12040133779
5320.80267558528
4737.90969899666
3895.95317725752
3507.35785953177
