2.48902556053084
0.453240726082281
2.11750778201401
1.82618511674013
1.78577894022512
0.985888015058918
1.69347459253284
0.757348762497438
4.5647025764582
0.986191922884215
0.612547552115652
2.18548122968268
3.52534945047971
1.98956812170355
0.937012435866988
1.68951374741842
0.45130628280342
3.17133824339766
0.729438221615639
2.44676675421642
1.63553956518957
1.48663372945204
3.42263265159008
0.896188605353918
3.1882194634278
2.11197410176375
1.07738004327838
2.42700790945419
1.18010710680266
0.745976022306428
0.509125867406616
1.34655331731393
5.46167986607781
0.80403533261903
0.469438062638824
2.32532133009586
0.553300704431673
2.15002468806259
2.46559062802404
1.83169393655659
2.39417885386849
0.932864290924896
0.952991138064126
1.88032677941568
0.636468865797497
2.08857140006431
1.56265999264588
1.36584398667668
2.97940526092074
2.05066774217868
1.1323234424192
1.28829405423376
1.19507550794915
3.04881899604481
6.53678807260316
2.2285963846907
0.580699391014027
0.557488261128467
0.630894462644362
4.31865509072687
1.53718893759627
0.729930106396711
0.4598554771709
2.39513451511944
1.27888747452097
0.729820483526694
0.569137157974533
2.42467103314534
3.65011108178339
1.09891260253733
0.577291414963227
4.4991250028039
2.74544199431548
4.70221646837911
2.39906118191523
4.85373113022136
3.81458550295663
1.06862570490421
2.65727717796206
2.24336507491675
0.461633924761547
2.05301788291461
3.84875726014106
0.969236879639185
2.25790984620998
0.625413146008268
2.2664538857821
3.18878231661711
7.46715783169967
1.40468691755841
1.13244994626142
1.9365636560805
1.69155888020937
0.258016174294765
1.00138335634878
2.65665209258292
1.40642063431568
1.63802538120951
1.02324702279815
5.062811067024
0.762117229431155
1.42844834358785
1.14540760410215
0.927305219597558
0.176255913291496
0.667722270284988
0.868251756160039
1.1872776365625
0.628372014797003
0.64938819063257
5.96354098921651
0.18336650681639
3.1639428546695
0.357003364895321
0.505379538764902
2.56981695723631
2.87119778726557
1.68311349758819
1.37059456391489
1.93270903029318
1.57033412773687
2.02195472541605
6.46885085651765
2.68149612867898
3.42672616141528
1.50404284402467
3.31480721013579
3.31012108375179
0.49195982011768
2.0269131660324
0.493047421762651
0.937366759238944
1.42456865947054
1.92392169736429
0.709770516786175
4.16005337639911
1.54295263820087
2.19026735558186
2.25364121314396
1.72317096552931
3.98802509715578
0.35978926691133
0.835309682436147
0.824510939453879
1.3254096561574
0.816527612168762
1.09176907152943
0.205372719817308
3.39463468631802
2.5812462496572
1.2609127570599
1.66149124669154
1.52791062704464
3.00736610573108
1.66418187067785
3.77354040229283
1.24992918266388
6.90235385673926
0.711497195892707
0.551981904587224
2.02001262551042
2.57713264073704
1.05941123034066
2.13936453015049
1.3978029700484
2.86475785436975
2.40835240744773
2.47139446978711
0.863486985325535
3.81301368249304
6.84507600322963
2.48837068595669
0.255196620875249
2.28907153905024
1.44537608276828
1.56099025112808
0.231626699779005
1.62902543610196
4.83911641054582
1.94614432507737
3.6925856425347
1.02080746106591
2.66224147861057
0.62106237987524
1.64724982108704
4.69144248259092
4.71646595467933
2.19717448135773
1.70240616916721
1.55082074046993
2.43386242947783
1.83694134999285
3.52753489830571
6.97605741038995
1.27900432618073
2.55632728639996
1.97665716548445
1.31237479278729
3.15557614263053
3.75999911292233
1.38553037940678
1.42261800722403
1.24911417825359
0.574656182131679
2.95247094685509
2.16081825282872
5.05314281129816
2.96918759255228
2.17956794241396
1.83540727333749
0.619822876936689
3.20696718385464
2.75860727358992
1.34600723105182
1.69242532738245
1.09934147520161
1.35529032954502
2.3832978884067
1.13557827426444
2.25714776271702
1.6750600865021
2.57698786517545
1.41008739063548
3.87685906609319
2.05364120183983
3.30387028119251
1.8040524982855
2.83205864427049
1.81404826791502
0.806742085654968
0.926568313986546
1.90251043737521
2.65433173368887
0.845631793020819
1.37917523264766
1.61668785724737
5.38581926378554
1.04216513334753
5.08811019359036
0.88347154810938
2.02601166374567
1.36013862817713
0.16498626836588
3.63205991809906
5.36595855960392
1.3233813358146
1.39240099143528
1.21315700837515
1.75479403720098
4.75284036100555
2.44228943393135
0.304806265461937
0.909436621929888
2.64217438184403
1.51909485526188
2.82971545637528
1.55859137002816
2.43069512217551
4.24724479565509
1.94424295431332
2.02753975239798
5.05288179076748
2.8399880835305
1.77821505126946
1.83788481004944
2.17000534464937
0.870935906658098
4.08258016101211
3.95802918449637
1.13407132592884
4.69260904780752
1.10194998358083
4.54708867629642
1.17575286651835
1.60429539186819
1.88759885635066
1.78356110112025
1.3813116594777
3.90117678046283
1.49505736029325
5.41083175568523
2.79817084719853
2.17006511390088
0.94452104715501
0.66355513376661
3.00576056101762
3.70723993752364
1.9852114402141
1.95539815068807
3.40809996735446
3.13396151977632
3.21772616071013
1.31572480129004
1.67697970260221
1.57685495491464
2.15918371360028
1.54650173990828
0.631111371891434
3.23151055266629
5.62631999096693
3.74921927515424
0.31443531822245
6.51957663198748
0.492129549137074
1.11704841886501
2.70600491117391
0.545246067048208
2.94346397478701
3.04576086875576
0.914416229679426
2.34976136321695
2.41758018011061
0.884594898525758
1.65810499433417
1.93101109970145
2.95154455417689
1.3398364647444
0.941465159357133
4.70428151233385
1.62001142920528
1.67191647117778
0.701068257046501
3.84231960172485
1.92953001174093
1.8047634644863
0.321612916420935
1.38915693345672
1.14050304879842
6.16641752946111
0.230473140324992
1.25849930562652
0.924738891780544
0.387181342965713
1.82542789494374
1.76835915012302
0.855335092347686
3.2285273206432
0.659298433447281
1.25558079447653
2.45029286244652
4.4934155990762
0.91682733880651
1.87573437250276
4.41943926054271
1.9271081625127
0.736623333941723
2.44502409936563
2.60846556334283
0.852990381727247
0.5388518236401
1.4074423740889
0.863922822843868
3.59737610621509
1.16178151842195
0.383294948317953
1.34829589724914
2.92689328110198
6.96930364724595
4.43595656035159
4.69874702882145
1.58952814846629
4.23797816815168
4.89653085425272
3.08462817247754
1.66563941619284
0.573159372443165
1.43122043086491
2.42872016114486
2.23018290147817
1.63264798579833
3.70033378754553
4.10777270847501
6.7764979565189
1.62448919944202
6.68185970974649
1.24193878916986
0.801180668132063
0.588988068449529
1.97970198620559
1.20965328046827
3.21359079652332
1.27494708447725
3.82027110133168
1.40404002485749
0.946530291300599
3.44325004869043
0.997617107962393
3.61894911775323
0.246669454146244
1.38216797754982
3.1626145748093
1.74307494456458
2.80541272337195
1.8125899956498
1.41427284970229
1.85744007528115
2.70389571675652
1.8044439158505
2.44956145097679
0.722476363807011
1.92110866647249
0.57057060293831
1.73538861137536
0.628747631364704
1.14219872972049
3.76835084165604
2.18848900663043
5.69619893232984
2.73441527951941
0.390997809310205
0.509109156684383
0.748195942178833
1.03799421765124
1.20006339649743
1.56441433123275
1.71825683907945
2.85043379470326
0.768452016988891
1.15687881854679
1.57872748819113
1.076352340668
2.81435275493101
2.84869547832094
0.582953599422052
1.69378839784371
5.4277528349456
1.06776943046516
3.69675806243464
3.77135350271359
2.85224244647582
3.43116956987902
3.29854609212244
1.25779136892557
1.85051941455506
0.140977569358902
1.24823099401813
2.33173418788897
2.63574345571449
1.28621217003295
0.36311429313441
1.44937994546351
1.58749611160748
0.534807201896354
1.40633987875201
0.803286251710234
1.92599114003873
2.75740568175362
6.07337652631039
2.92026911419905
3.02324332101601
3.6023043375748
1.66324908830363
0.371678234866594
2.08018489695397
3.16887472792858
1.52224566620247
3.22818586873371
2.34773177863876
3.18675222940266
2.99820918006552
0.715817149968524
0.267034774043904
1.02259562210942
0.361509023386404
3.42865625309553
2.51497455040568
1.19106242566074
6.33693811035444
1.19384527400813
3.1163958007919
3.01331516052056
0.288802778365036
1.27525184217696
3.53450600690795
1.06786383127751
1.81229625598381
1.67780610378128
4.3143404933303
2.2313717869292
0.778874580686176
2.14548759736856
0.764522007634398
0.21476232653654
0.714435754520644
2.35157974131747
3.48733607887195
4.13008291200697
3.33181097611399
1.52418363658079
0.412337329943242
2.24031201191055
3.55973807503872
0.536552799368296
0.235813619736726
1.82743803605335
1.01967091053891
1.20031120744026
3.4171479452304
4.11576959568217
0.720811027625309
1.5469371901609
1.2773197316297
0.835183282597872
4.79393601667767
3.40405252483627
0.44070458212563
2.06783917348771
0.956966994048448
4.01119898277907
2.24608886088236
3.28626064151694
0.827462301877072
1.67365480095158
3.28346727813449
0.438403594214843
4.87158828293835
0.358033144377997
1.18930548382768
0.576592001883269
6.10513656743143
1.39820919915986
4.17123064786221
0.885954201631836
1.21214440972631
5.55212000473444
1.28817610866647
2.60624515765204
1.26338915760528
0.708415551588273
2.23665490885375
3.39741446949068
2.60070319474356
2.46109775450896
0.960407807182444
1.31322509473384
2.02187455170827
3.28556285429757
1.47642321076562
2.01794431624799
2.8913870138336
0.922049384980237
0.656288145243533
1.47547508897823
0.444097267418882
0.3467103025358
1.48275153071606
3.16276426492613
1.65924428305586
2.64279266827217
3.26318488920013
2.1744964219228
1.33303121278331
1.92849693218335
3.2208953452262
0.661993556906501
2.43465722383096
1.37566526101518
2.47259016995941
0.659865865273293
0.573413823926138
2.99442030669051
1.03704133377514
2.98134586124942
2.2615038102254
3.73229784759671
1.78415363248663
0.888114721995613
0.648108311307995
1.13900075023686
0.939405538544916
0.867493127211361
0.802217935767166
0.569024374264737
1.16783965905889
1.60249070757792
1.12843638563414
0.715181905890658
2.04316968678239
2.04439216047041
3.11475551475431
1.34673650381235
0.595862679648568
1.73201456035854
0.958056034807426
1.57254673954284
0.422290118994054
0.950107470033641
1.91591035876448
1.70286121101684
1.07996836511193
1.58992919805056
1.45433421710846
3.89045190529421
2.4238519120121
1.59974511660405
2.77134303104609
1.06029167428439
2.9239347970302
6.34287020452047
1.18557046908058
1.1179306667441
4.97920888010678
1.19046573397243
2.72713945653237
1.92897764502222
2.2532844064714
2.34320149832685
3.37330112465439
0.830828395089881
0.804916254243159
6.58259813469788
2.16132817075975
3.53974153698344
5.65714206259258
1.99969674897973
0.480745735223689
1.23474340945448
0.369910747659463
1.39875278704404
8.60435003298293
0.21819371582689
3.6115272785955
5.08889976582697
1.90919388942982
1.6728547729821
0.394933598303523
1.7428897032918
1.14620095886514
2.08128264791122
1.42257069247448
1.12217440025857
3.1322073003632
1.8732993719481
1.53556915225372
4.43000274169827
2.46024534045305
3.7125860981961
0.702780225955339
1.24510209520892
2.77952951328537
1.26023845514148
1.72035101903393
1.80475718514525
1.3061830741414
2.01424617667649
2.17198914869341
0.856111045475264
2.20151415638526
0.921458446623902
7.26161565684482
0.439346135288186
0.534611058573731
0.397319027197175
3.20790954676807
2.65890368177206
1.37634064333301
1.84747985579182
4.13550448842898
1.39002745038943
0.181344623062275
2.84822358564055
3.49922195607896
3.06344524373634
1.68226338433215
0.607635926916372
3.37742447776584
1.02588468145887
2.36180466802618
1.8141790923512
3.48767582638288
0.759395340581468
0.455697742368078
1.27655890303603
1.94305680012132
2.32145792545099
1.97167679086127
0.58954170234484
1.17813462743347
1.74031536233374
1.71988749018293
2.12979394038949
2.76967834152165
2.32271796061805
1.70246502246388
0.736468154401796
1.42108992475432
0.898344613068023
1.17543436015651
0.419160999559369
0.304411471291551
2.32275150167518
3.87686826353626
0.120071743292744
0.760333813554266
1.36087596222339
0.361907230157396
2.31775855896488
0.452491856771407
2.16273803975641
2.30859074679346
1.5079396766448
2.05371769778528
4.93915132749344
5.27326623665726
3.96616671981248
0.499271292609033
3.79283470257941
0.377496185763443
1.58524676713168
2.44092520753459
7.24527346994366
0.63288533095037
1.66642867806461
3.24214813197697
2.64968298789785
0.681239490728723
0.971502399774593
1.81480399372987
0.613264400032091
1.92793231389729
3.48938701502671
2.01380987543928
1.73772737924607
0.714596615879874
0.50618844495122
1.06781308911611
3.94605427272217
1.12325172581432
2.13177390146122
1.01726575652475
1.19125426880929
10.9553635894776
2.53859969251851
0.53735029971437
0.993137422601102
0.537659567107137
1.54207566120486
1.00579908903044
3.8469229580032
5.42575301194244
4.72652583047379
0.707034528655049
1.69436863506568
1.06731966783751
2.06839292347867
0.8014797442606
2.77040914959754
2.14347600562825
3.39184910559388
0.582503158138522
4.27233566408045
0.981107962771452
3.49282221844245
4.64732333233158
4.77603676933656
2.62411898985399
1.52162983405422
2.52452687289375
0.536685646296925
2.34070024032384
2.08835941294569
0.447251147370819
2.92044509642678
7.22078013869182
5.29781687535581
1.97072997001508
2.21901506496983
6.19769853051996
0.880565004514231
2.54239419797
0.503218313533148
2.84132432718385
1.57686132907813
1.46427764967645
0.653470693746437
1.40986551971337
1.81641759478431
1.19713610659627
2.85887504490989
5.88128673177242
1.20829913544917
3.097109239157
0.864457479287553
6.2742768083248
1.82810666564262
2.19536270055594
0.636521700506082
1.87995885423615
2.16354637124163
3.21773976626923
0.896675105990505
0.660987178864271
1.23141511232902
2.44777895772842
3.16153396009032
4.10516811860133
1.04023342030094
0.471740121921989
0.870955005609716
1.55708531751814
0.387099144624965
1.12319515127194
2.96920306185589
2.41361717457111
0.888816545749654
1.62501395904138
0.886440642109205
1.57092408679051
0.604736059150248
3.49624991359791
4.98253166007051
2.82648345845936
1.56972546132617
0.75660753943747
2.49776409021664
2.08666993828516
1.05769552329887
1.98388178807495
2.16920408295012
3.01391357600602
0.571926989212824
2.71456790657727
1.52138578106206
1.27419285922073
1.19877263339726
2.53360995715322
0.419304364062485
0.748560165516476
6.89847660651335
5.53316501706549
1.48417489928073
0.218141094620119
2.87955832331959
1.11154996171846
5.53980439916314
2.14644723367245
1.94726418259821
2.37713429148639
2.97524868338461
2.067642146178
2.02870112768229
0.658525583098825
0.17189219489776
1.15484935909912
0.464471646545978
0.31500021663442
3.80588590930248
2.29328414551553
0.994413256135632
2.48885617872489
1.52888047995503
1.62411501317121
1.05864907192682
1.94781504625679
1.11507027529477
1.81998938411852
4.10157706332833
2.14133407382092
0.113692192917427
2.12635387607822
0.515785380782424
1.56124741079603
1.05021420981519
0.674421083284068
1.12763495793176
2.66838744449862
2.74496950219415
3.95557707513006
0.618499394313464
1.95135557016972
4.89531854300837
0.619532702320759
0.470205609950329
0.838627480118327
2.01799458424424
3.01737963370729
2.54872880921608
1.65719566428933
1.78825686297706
2.09269874040439
0.859286674496434
1.34822219627621
1.08729639670382
0.670202037079752
0.231206538205494
2.77961199248095
0.974917973748634
5.37348317083177
0.374216795414926
3.31738326451464
2.08256092865822
1.23899901802673
3.70791605269446
1.58307565902115
3.72502253679324
4.99117322914943
2.02663057184342
2.56349851152753
0.461996261946176
0.682910254914005
3.78269085961806
2.72228439942637
0.828892794782754
7.10094920808298
1.86793973213302
4.27705275616923
3.35582826933039
0.622933061941471
3.87180195923285
6.08375828505503
3.53163939171657
3.28332150593719
2.42832086054868
3.55241961292788
0.805376805313334
1.73076298417109
1.29665087427216
1.38073215148456
1.23190707770939
0.0665682987066627
2.86164555012257
2.55125982984462
2.99813150133886
3.34270671442368
0.542448877990595
0.651832146754259
0.613753666042463
7.21732438036777
0.621759569867439
1.89782704987835
0.472306804113826
0.615652698626729
0.650369726339675
0.211849870506862
1.91839160699859
2.60094944450184
3.28910269843616
1.79288457967404
1.84554144419234
0.463631596896993
1.62015100613971
3.11442355646563
3.60417509197133
1.47997979188279
1.65444476941444
2.13743948982586
0.938834609223036
2.30822714785824
0.861105121202476
1.34891341696088
3.67557565367431
0.411702313153696
1.53232207644313
2.63827767857667
1.27287688165767
0.204679756412024
1.25174078259222
2.51333770714771
0.820341353844908
2.40149032812991
1.14141402447046
2.55338894820564
3.88459005899387
1.70443091988341
2.29391606405223
1.3367831318627
0.857235751288705
1.9645986218623
0.569171673632557
3.10168273553289
0.173416864946713
5.52800689551279
2.28163530406366
0.273747799865418
0.559765821716398
0.335755520773346
3.18140165357987
2.63944004001638
3.31376612483326
0.347160631759316
2.22079131301484
1.23629627136542
0.836555568575658
2.28940057645681
4.03980852931533
1.11917925281987
4.38592253041237
0.074265153314566
1.14600179740289
0.0787254733455017
1.42526262999422
1.51905478730617
7.734090867006
0.129693848082736
1.0478254339729
2.21175421734993
3.68458775631913
0.655573474597394
1.21732903016438
1.96408555860131
