441.148124108661
1030.99113460783
381.536205646715
392.671419868321
616.055771074991
348.738736060567
366.302748809369
385.739154717456
826.639790121429
183.71134007109
402.552304852705
403.281907126452
652.10975769214
574.403005935439
352.786695231693
362.344095548253
355.92757569607
447.978905111436
387.160271782166
209.041044133535
418.116183983888
124.149905629806
214.351301279431
287.608573998669
723.678742954466
289.236996222772
310.486713607435
436.475778884908
181.333790637667
331.271192442109
512.245653220769
325.19174818889
634.511556810374
326.430030941025
499.030330736745
281.543083849441
323.85653511977
407.968309287893
405.391983036386
396.385313242062
284.896050542099
421.757695957132
358.736453686381
410.611269914709
344.307787885653
310.862914622846
310.807224443352
240.043424120658
405.438534045824
419.423034762537
344.514855980019
293.393149900095
386.528236014545
319.279078507619
374.518669613716
515.306623726384
216.462332178612
410.421754256923
355.350471097377
252.324184648454
313.28101309466
359.327005460694
202.929917160158
172.595382903885
383.879056800859
465.71436840911
378.136567347143
342.923308435107
297.953301305966
233.498636567899
348.681132304358
299.484362660257
579.500763214647
715.783450129887
514.593060744443
470.586875171215
915.031229448068
377.436895608496
445.255898623315
181.58859147799
440.994737599865
877.442171410449
515.84435646116
437.861611512116
293.72680661008
692.076515894455
555.399414720491
316.435749200017
285.337227233091
806.824403936407
161.147248836756
284.630689494966
320.09980776785
836.973849072917
535.338562813176
504.321497645971
347.111910951295
785.631329079461
222.316933179449
469.94362463521
463.382271341953
282.656988571244
327.926405563921
682.241777223066
261.340221925608
519.311879716813
557.689016165946
691.666463001646
593.348263817615
403.335706692515
219.929707298131
378.303512179453
406.480888083383
391.30730500725
384.000999282953
291.322500842252
1503.12594613768
397.494290397683
799.202019340023
599.281476214655
448.861801053738
561.90087801787
405.502754119857
509.431750327633
447.264486049605
249.765934283212
567.454716943923
484.494373898598
340.429975105153
653.289642736356
206.751331754829
591.745106410547
109.759631089771
342.204960072273
312.109974842219
243.166260924708
252.411456941424
909.461234969582
307.737640899406
288.631646431734
327.364685781167
492.654938455374
268.948939451973
132.731035919627
581.039499637746
376.943835429949
376.64632629815
209.978865610488
242.092625661712
390.143497597789
419.335547264627
241.994204671121
461.688128069301
242.774328480237
1645.76560348213
401.559912253872
616.342050827326
281.652684794926
1199.54755672209
531.70259037603
1224.07265359804
249.18331163655
1009.12437201145
431.878889984553
216.945544867319
236.827608653239
303.347536151306
370.781165529491
624.632982454348
281.491193924952
432.743264291719
651.385787171108
754.87295395664
298.548765122407
376.357736843493
175.490016083423
580.04713238434
607.438447956783
264.158945873728
868.446003593583
679.378860984242
252.719788728187
962.990849901136
587.080571759932
668.612978971808
675.761480653388
196.597214616002
182.188274915238
242.321095265571
589.664805690802
523.802303943237
736.292231029688
307.014424072804
347.071147537061
260.675539279195
407.736640768016
405.991608402583
391.047800147743
192.147299934632
437.793881202067
430.355130597235
478.676148758408
268.836487846509
256.894927884566
192.298876792244
158.832624608395
443.607470928905
366.834445694963
175.384526853668
276.945326267592
159.298157604793
475.651994527298
398.443877795118
600.011422239308
709.058495793145
404.640916940086
620.079514316775
206.843653105276
482.504419144742
393.45151452256
812.242583350715
401.446729915696
519.545788931982
287.792342585343
833.288492040023
804.235574463411
353.851160610584
231.228489361074
469.137379185459
425.544406623404
445.111339834227
107.207285047964
524.322820674406
482.103076167003
459.936519890354
260.06196217612
561.228517882024
657.735528695682
390.509397558244
157.85480196915
675.285679825831
317.837481557341
497.504643616873
708.088949378293
626.890247334468
715.093825754426
215.889776809661
175.536360063443
490.18454603279
699.90953858592
275.42746222703
573.114418488855
1017.41515852971
327.195054065345
285.252069569975
645.289504643902
254.541242047077
382.513100069315
905.777720176626
424.125118244742
268.928976166596
484.727173484035
436.770675881022
469.295029461084
139.282381416156
881.784131141995
604.450881600587
290.492897613518
274.095083153521
738.853209465744
414.332153248627
669.160642356275
492.573301302551
369.532761774499
232.787404372074
291.952514467649
464.846765085534
1208.79399152933
583.478245645986
182.038457219138
525.557101186223
387.861409676935
533.993720931611
276.710507619421
301.522739795773
204.353545459622
357.036360760435
408.594043796453
433.71919945199
258.976296171223
337.537219861215
748.01079630694
340.404725968277
424.765014838729
186.938606790723
454.506509577212
385.833268251735
524.345031373845
805.675498630027
516.504254020386
411.774843604638
412.771820633515
207.964014152583
493.721367205817
183.021073111753
314.881904973134
329.82618221243
367.725983418414
303.980261446762
1264.75665258163
850.207881146142
518.540765957472
271.664057414152
529.345389596589
459.952924122491
743.122164816797
322.257912212607
323.871683576297
421.445217257264
1715.60957894591
436.055574723357
281.572135011908
1204.38948717418
513.613343688862
937.444849166232
350.30892282847
286.375139904278
285.756971865646
184.471607224255
390.175343259244
270.974760842859
728.211798286705
347.503091259542
436.108445791468
550.056841614747
325.482446501525
155.802866997192
280.343662403001
312.028223952565
328.735463449156
309.703721810548
443.364183279204
882.420154119238
842.719025555896
334.038392832401
355.341555990677
514.982766803346
460.411003032145
451.762614893329
1319.23223283214
797.116599783993
485.210762628217
369.581857891257
598.081955607894
243.009244483467
385.051422852927
409.684368514444
345.78651708845
564.927860861719
494.905910959916
800.414606966249
638.245239743943
491.24318047317
407.564494706489
262.737372677285
1155.19046282749
350.608034130774
207.313031229936
756.380292011251
234.206756581468
207.440038658819
276.329825592944
154.724786182998
157.042760097189
561.031253601648
687.465661668217
480.264621096936
466.413595227007
455.47372703147
462.255829189632
243.402651765356
283.820685510099
746.31908484981
155.494310978979
980.646049169345
733.642376033851
288.014003216534
325.908583853393
420.421520400326
498.809691579403
485.291785289132
290.078273514172
363.476422564344
246.765979367478
194.997886884492
418.6555891036
621.788856629173
877.766928238172
293.893777003113
734.971681139059
530.8330739962
578.47445366697
253.888577224762
294.354014288157
395.121175951529
209.379883253318
589.82420979362
471.13997019713
496.765460011207
445.425792945707
640.305204539174
381.976323889645
275.420250925321
421.009235337638
343.287233306115
155.526275752626
232.023839201513
662.180551068209
234.826823792154
514.662757225439
504.434448091964
200.725473077184
506.398534914594
489.160268404011
444.093079225199
298.435398975792
751.609041193879
563.799200282152
737.890540742518
502.443318838796
363.790152784139
631.344245204537
469.251485274232
1270.27401498621
287.795209630445
558.526400069511
390.086870566727
595.814883251683
423.545152641393
291.676979816031
487.50254084656
325.198756186398
786.319462990956
274.400295926337
245.870006549989
265.906727629382
426.721846349516
300.4345158315
352.869951890424
391.033924561983
228.271073926645
724.700040079848
336.361650871331
664.090952602847
354.648952609651
161.064870543969
362.260848248763
241.686190573224
551.098568149984
905.73242691266
319.359440819881
229.952416331818
272.059028828599
307.249399601038
235.343119476968
195.625434169742
206.290719663123
649.429867203977
629.966440372818
250.558404321662
165.708211576839
218.412906526347
290.443595270898
271.693531961061
1758.46384109659
600.32740417302
179.393104836698
614.049233933248
744.643040311573
242.582736148669
488.332490351967
309.351979039624
276.480349489376
417.313981366322
427.49628185781
334.323962077611
331.496568397721
681.849410046269
274.294619306876
342.413944686959
693.658470636831
286.471588258953
193.075975308272
268.425830012813
236.810622592178
1532.34519276102
270.482998176793
912.512588478331
125.695179736257
295.321534814612
556.24553230961
250.991317990352
244.859967275486
180.414748861196
471.459924991127
496.625405712009
255.63504432448
526.168680592206
424.763843817015
363.519661944349
458.189094998568
536.062304778766
343.384545752747
252.356453285604
350.651813183355
296.120336727736
532.556401707666
630.523467866236
426.002564806794
337.169234762683
665.454781277908
199.711561274023
584.005726129945
257.421509646906
642.587797120995
410.892732966659
694.980153796362
209.773546816114
256.336473152039
517.748641010948
1210.72758530037
553.085357907727
307.252220834866
346.358373472065
241.839317365233
372.624468353076
187.622388149552
626.20266912629
313.247069455275
635.966910657041
542.753452737056
527.585257905085
193.376135758602
142.525033344144
709.303020985096
91.9715988776055
584.871669454743
393.6105664169
541.149091138759
325.740600736287
270.958750808417
307.028498163327
534.975596621054
325.512385275555
350.457980259423
273.786122644691
798.2815570894
285.234913263775
581.367571310468
599.147031361119
495.802239029527
433.367242295784
703.593131523488
259.032726179571
186.895239072208
727.056410779153
501.016946071793
628.225983442564
606.529185307587
286.967903758929
550.577531230389
291.090505169368
224.301767439217
349.335458411144
182.136611907819
531.072143871756
378.641528826024
345.761786376591
174.323402927465
737.289513035155
332.229629820719
526.985222600506
484.010444587764
148.004351153256
211.495117379489
251.579709927591
217.397570354317
260.136972772142
593.180997791552
349.70239591542
502.165754085017
218.340313581307
257.58748802084
258.189142184495
351.146924842056
514.838959962008
417.94620813939
601.77484402132
153.74582601712
888.463153864581
347.481447349947
359.059658425252
240.146179492591
313.22968853156
441.639538666241
665.701708058487
245.160685362288
615.242374648356
408.554660473565
472.328061399663
497.619646673826
509.298013365342
431.912441767881
577.523833959573
494.358516435914
453.950764519677
838.322857245598
199.533473973982
457.049067325354
463.941457487894
260.135753307339
793.210482017266
1172.24511746138
668.98796896253
515.730587962238
385.313494684987
495.04172088392
310.238782037394
774.76208708524
288.891347779137
204.343215369782
376.974085941309
580.043255662848
913.980173119853
314.942232943203
885.936353392364
315.661405106589
184.9371435962
333.327015568547
250.421355993594
436.731764831072
349.819411791182
298.389883985295
344.186911419682
449.082774157555
540.708419892512
376.011023233059
611.817732962185
167.6223885881
753.130281693691
1254.53378767007
367.522229510902
563.662101109821
605.154902089396
271.853834355109
410.296850779886
567.281811078252
1387.56141642365
185.846813405043
451.0070527959
705.70411590033
263.058354879777
409.521891499855
630.286604975941
182.472862126661
482.282237569825
351.971346880537
369.798325566181
623.08103315471
385.16320406196
180.477119389017
493.163024891416
239.707494119606
140.002228872238
335.311676490043
698.184341560199
619.559731895178
1025.22683628282
551.949421741781
541.171690104758
613.31342621607
301.698127119318
598.737408188353
157.836390680541
297.567442549058
543.586238619837
497.256474572637
223.720786984479
332.512818481264
217.512064156296
316.223694275629
351.491192644641
519.935354949758
474.770490505045
428.32573628677
527.87847011872
310.011732970018
648.507868448057
534.951193397186
151.516183362552
645.19558225014
349.02330463562
532.041267849652
361.121249690341
381.867091995272
938.295910715598
705.797810915306
207.781619841238
298.771217365717
298.956696286326
289.588333090031
1826.06737074151
271.744800365818
201.69783734474
361.171312615117
596.239523271735
522.100736451942
717.910671662029
157.102499033828
386.387016358785
1013.81877175956
146.745411643576
486.77403184107
292.77734798559
301.625062969865
299.975925009695
743.266192791557
560.588222101717
281.831194599959
662.11249834944
647.250015088312
845.071456839753
747.151784240167
312.598912854524
351.787289266535
459.652663894888
323.316614853711
666.257144663969
117.305385309744
217.290528439842
344.140629450843
444.965372021636
342.032125762842
211.572045486576
373.065572948671
373.317556789137
338.841212719461
298.768205949647
557.39152107578
1141.37036355205
135.821603920439
240.829656645425
465.613565169421
325.227493661759
209.615350055578
1063.0251681061
753.547587437536
296.402864879899
177.257017462699
170.928477993938
522.981301937991
318.232404336242
324.691159400622
823.798977966088
539.549043847662
320.848360180542
410.807719031568
213.111102504098
914.113253822006
409.036376104528
347.998872412413
346.109724034777
435.269588155845
435.179319101437
1406.77181396659
521.050907230397
210.297421449742
624.441775725728
667.157650308409
343.034678779622
864.788480117654
511.911606837663
221.599790354145
378.327887994192
675.953205673404
408.359708011212
196.732441606288
656.466387377109
241.413095059352
197.674995068183
611.725473198617
419.45278225495
439.107355889262
428.000254890948
370.263390349112
238.28675947844
346.876961724006
232.426861132738
763.621162772726
565.60532261834
425.651240873937
1141.68064781137
527.372750839135
374.134841410742
244.040810107396
204.444930386475
609.235497427853
453.149112378657
250.311974569642
219.675140955969
691.264805183101
424.943202490569
346.852378701675
284.837647453814
331.031416328257
311.049967539399
252.968027847514
816.486317844875
508.466313801192
325.985258788106
2444.93234318496
220.835600997664
229.610737789419
439.095556580041
393.008225552257
1486.22728244847
467.778446565646
320.560094701624
333.01048805667
457.031258516355
343.142648449894
193.890577008282
1079.48906349419
269.77080054688
625.26506058307
599.674173574197
305.598946763121
283.844898567322
558.653056875744
236.219714443559
467.042465624096
217.662570616714
268.919951544259
346.389970146707
719.378839832142
361.794678455473
416.474961909147
570.270720287838
870.584759946924
463.584886890216
374.359171271329
855.263482476022
768.702823003138
757.011260322285
214.465965255545
791.375967529679
584.440411535065
355.619232836362
905.36850529891
524.612479368698
575.7431450152
400.509728598941
719.694394355121
230.405891499463
244.825109468648
191.078575555064
652.680313231631
565.908464444205
503.441359891872
482.682545046905
255.302494608277
387.412914073494
795.459444618583
849.350714629313
126.617828254338
402.42834904974
276.850185911623
422.987121258456
480.336449907178
400.26310710485
612.687600141166
313.346782102295
513.059653269986
486.374669331049
499.077114052256
510.10996678209
443.487437403822
141.037052410784
646.642070951884
716.905814306597
779.980341554776
387.324122541501
295.533512229098
432.165001031967
529.837023636602
1048.74482968912
609.72913986256
504.513933731639
250.181523235486
511.123395964883
426.10988615149
432.754284207639
155.655255612479
715.247053717907
318.581245303148
403.833276199526
603.097400947213
417.951747483999
342.082491648981
395.902204720238
506.632074468495
889.213286223738
579.454431218768
560.150194013762
241.359271068797
411.626116161063
651.668474040566
392.892941732937
326.670585780482
398.83919239704
327.407514211826
336.5623783593
450.867057992701
227.029665449328
174.20488433534
180.932833285624
284.018541582008
355.824396013997
442.455156902406
526.883075782796
401.822236093953
316.359792513343
472.466773811494
525.817645801859
486.476653346892
639.116303182772
361.890384315868
261.499877700495
128.829086150854
243.655851949787
187.681340351875
242.230276177691
331.777381893444
151.365804652043
596.231797932246
827.562107948162
507.058326706772
294.54587840849
641.779808890659
304.610641548824
435.327408892441
279.443325191803
257.615223456058
417.079722655299
404.650373788857
403.121986830442
273.287354529654
386.35120732555
474.157562688753
368.068374397587
437.618498362652
577.032904755193
572.894879234206
471.217601235062
652.251200565737
466.53821069752
510.90918445089
327.083985624497
351.621308971195
201.471543499077
311.049764768253
347.000324153143
261.710823794481
158.387378843416
739.999858787411
492.357556407818
318.390991278499
278.373660100893
507.279464337103
283.784923782447
420.723217952381
543.346737972257
99.0065265742451
350.738914182468
539.199921161306
272.578520691929
281.289118849513
364.449403061924
243.93079296775
583.420723561531
381.571883908808
204.729965133482
655.606619272971
550.33192631512
258.787570877304
534.629904885739
796.341106877424
502.364316040144
284.011114386909
390.804280925932
301.273158512058
717.911514309471
319.849666387073
337.12010526872
407.715356550674
407.155192284248
684.600868929574
1191.27962352339
394.411019747957
281.821262783786
857.904147165438
190.817609949815
412.727512133654
174.988722403595
258.953161853579
149.169656668492
377.774868127276
586.412639223197
556.597516318589
507.472261978033
1320.49082347863
446.504354974331
266.107380201139
529.200262376588
847.943996661515
701.934157235075
918.58090636325
700.441718250359
142.068227279493
159.089756959594
569.625864426287
596.115417586268
578.849464515539
699.337603488135
187.858754428937
130.971029370923
407.435652732702
432.387690522346
276.462701746789
374.178843768483
886.370588974865
413.955158561775
1297.39212151683
144.588418470608
362.757600624095
297.774953788669
325.265879973391
356.717232688252
462.289245448171
760.922258997245
646.381822121121
256.321743536203
353.720267654519
822.808589496627
572.301583282988
521.977378925851
138.816818537224
599.181884052779
598.134112278213
605.938479610783
265.430713897594
553.983317786481
489.230415437094
486.542365337661
520.290122210884
287.821903228855
514.351422908418
440.105229020678
810.227280154493
445.015106478675
319.077327238349
585.966247345037
523.047379180816
539.494776162574
486.67029678886
652.543994584627
328.664490643085
611.480078162795
496.319454463678
380.860297043543
257.855938454557
192.756969867652
335.916695289148
590.469074125725
342.583970507628
267.110539297617
342.005765706399
472.371268327924
470.57815981114
118.778555628202
522.120703744033
188.172554496504
246.69569386694
523.567871528929
409.628864041046
291.372186984072
382.436461110694
925.903171367877
871.784253643084
661.779977110129
179.39857818774
408.784685984427
1089.02152701147
309.532905047574
337.193967383161
358.702830023605
417.551124515177
796.74515659686
270.594336703328
428.910689798391
330.403337320857
241.570695988737
756.186075476249
129.091426160774
81.0437629435217
869.624418873093
333.781911797877
512.265971970302
545.825577398069
601.128501844144
401.689760533554
705.133949549098
200.988578077021
752.147627576063
237.682561336898
603.526785001762
786.565623289816
488.482745907078
759.154556396749
1378.24945483395
636.652776867032
353.02208465312
361.339582746635
653.816411416746
313.873082786325
639.294687305643
355.4594618728
551.922492384628
468.86750148184
297.296487953114
330.822678288
528.716616984323
479.204864856872
1540.57343558123
292.094809094131
335.963123860661
346.94883878294
350.002997673001
444.312741880185
849.270385565006
293.153996389833
129.300159519837
375.680950864328
556.697058785249
370.746940778339
260.375957449193
1599.90299940966
792.794901749043
487.641150947731
148.372766756577
439.573931546947
441.518994210413
689.807969227131
440.187290989136
643.042283212456
450.538389527052
171.698552383101
422.14904510311
245.376060668
589.781255546268
382.953014830399
287.802780829245
136.960896216861
134.831276328581
418.583646951186
1060.09729876477
405.210492458274
986.044805507906
703.442920380825
501.145207486101
323.855417209406
465.266634133484
617.285539756763
359.023872303789
290.924118937226
342.541357072422
312.778720058452
206.801045303366
402.665278212573
288.625271850864
236.591054896601
370.348874182814
284.955972829333
437.150650733922
684.80567521234
457.059125979363
485.406001383392
139.200663749386
490.883647405951
370.908077636878
963.551233720967
343.988555707453
1611.48495513787
190.612958121166
564.669568724809
299.787729922431
995.102554539988
196.819555917833
419.594154401065
182.416355404684
511.410989030128
348.768087102544
493.366407308845
433.261458180474
396.591183556174
479.442057931796
1113.32997893291
471.856137163511
601.910827834966
531.613018443041
1124.02383564586
412.193511298056
338.333747803038
591.045609478849
251.121393196455
625.379837459772
928.26060719885
551.983173296884
218.365358747433
651.929094434306
372.041097518115
184.063618730976
1214.0408142644
779.066907671247
357.469850997869
222.50042904664
239.220426543921
393.404338019158
571.232412759372
327.924143651263
234.159722609349
550.240531942291
484.278804750547
400.263190429862
444.919306675713
664.582380058886
167.409672887485
959.755759169874
478.287347820878
541.054605867104
598.422275841642
265.8394939976
640.878598156179
271.016044932737
326.371571437283
294.740970486551
459.327352116187
558.010734322409
307.441502967038
668.657690159923
374.759207392594
750.608215894547
442.060207460885
533.2555112241
304.19418751146
499.128559180718
1096.17430885702
520.986862096533
347.078705701468
192.013117479097
682.32830216599
210.737984817068
438.473553332559
385.700896882318
429.888718299352
242.807585994186
391.406799539213
431.204979682285
358.626652055155
536.002531412604
272.587140225656
288.404467794897
561.045085050775
556.67600334994
601.37501443657
423.45139317208
795.053015025969
754.407262521646
466.007971778839
455.778151404938
470.624141622546
492.43871541067
157.56996173512
615.437397265966
292.657472021309
304.367320150765
179.388256796547
447.183763647494
274.691243601215
348.653606884116
334.153299149675
437.627858075865
270.782985416721
178.859797025013
233.652549471363
259.037900998513
577.952066812011
147.236925516532
190.150615836442
308.637328714352
615.322070261572
328.361212418449
513.144622273378
131.632980653709
793.054598341505
532.736617541658
357.789092881318
215.936188502771
399.985865230813
696.913372830794
375.811477245198
128.576994537251
455.834933545707
609.17586310377
528.195075544779
552.200227328987
829.901008936583
245.13962119411
491.591339311501
503.518262872182
2335.92005706029
359.049608991958
320.392242982505
914.664558495155
255.955310132331
110.768641712895
397.789209145032
473.587277273063
818.421068884796
494.05353033453
431.775918404412
364.294370190032
232.824438328905
258.648849845287
158.104547594699
711.378561389001
651.659871115758
686.154594340079
601.612889835778
235.372032821002
390.064978229599
518.54698038339
1009.96247455013
732.336590822599
500.051735355569
372.665753134085
664.271749268816
316.934958761928
296.081885420845
136.708887350046
348.776013419933
539.81329301038
721.306673953696
379.284335656987
568.680913312887
533.09064397302
285.119477137121
861.942023733701
511.719219666728
246.126246748657
568.165893573998
403.346971054329
555.932728437301
382.997068322161
477.496583814894
231.14973638881
1258.80648831408
376.257160001904
273.312153895922
873.684766377131
486.745582881485
323.934939936553
672.139785779103
541.238801552779
526.920486407545
248.614884076981
768.830037940959
412.346537452497
1570.63126809449
131.480935863113
424.844614073018
863.194617855474
555.830920247093
374.624234570935
509.30157043712
316.545755502237
202.742593740398
514.450784953217
745.317214167864
372.583408861986
496.790331183167
325.532876304238
1022.71907547739
338.647925270165
368.501777964627
465.56703934662
918.31063484987
333.767924969875
451.050393204677
232.206464869544
431.061746125956
232.01329037181
636.313754018046
343.159290472713
241.674065342929
465.586182439163
512.195101587539
313.213025518195
478.708897851788
527.727245836676
698.712738066906
325.263608807432
449.915725205141
369.774577799536
391.321587753661
430.806241033279
416.756788621826
125.130559236874
298.328856525231
381.132863119669
438.65646497335
220.746852544958
809.303526586519
110.751423897237
385.774508060552
482.487902107591
326.771213587484
243.249258689492
236.225170117327
317.09621681451
831.261067033394
419.274297402155
440.643634752018
293.244749371345
402.967193294475
775.234421210138
816.452534838179
382.211935636863
330.67669595417
604.915618199833
306.731316529939
301.816125060445
316.914767585028
376.977220969077
1092.04107500688
237.421777416404
425.244422941444
187.59195323695
455.808989469294
253.606747712903
309.355222201343
452.534444746349
252.151170232854
338.285638931129
381.831722739232
319.676305051117
192.980982334461
546.97397865206
369.482204768842
353.268835121288
256.562533597443
1212.76390539753
389.073790291984
279.243746941343
270.051884145714
258.928231162357
816.453412638603
540.976123962005
323.496259230153
936.689241834119
539.803028807617
442.383236686167
660.450306592912
570.369467891322
114.597923056911
433.826296088113
240.628734981894
490.023363439785
444.654933027985
156.721798446734
346.017201569054
209.054038759466
252.365845308388
167.394520016527
284.546909195028
472.89082456564
536.474650664736
451.9637086552
198.273364124105
546.570163237808
1034.30944624262
289.487271920705
562.884871620726
436.720951516434
501.478009772275
468.066927747425
545.013081343649
614.256475603185
706.882778129827
132.210293847041
482.296873979116
471.346791434818
416.824566824482
193.659770427543
1807.38239514816
801.866115308019
469.997916761662
403.160066297676
111.170032299306
221.772922308195
737.428174691122
373.903999577644
312.840770943019
523.626842617992
253.18172632067
550.200065729291
746.291592225845
190.492873726198
626.839775553433
406.359426017526
439.454396720184
523.737297147593
584.918192860676
372.776129260295
420.751019965861
261.861483784471
295.180149870129
360.4811598386
595.745048140521
273.06503735599
533.181812542584
315.197982639673
224.930344215633
233.502092205134
674.659340924191
130.570514896794
624.085107566689
1196.92755355196
336.579307855255
250.347719079451
227.105727646861
335.575484424754
1511.51128083397
856.337929318246
361.772862363113
455.585819857561
305.669500053298
154.693380119994
382.732419188587
194.306155651976
178.823019428133
895.954533930718
716.877701888572
337.424530861765
354.074291244559
1274.28690258107
315.271210664842
646.785357506514
782.398697326986
1515.47672356659
336.210613424028
122.273866079207
316.53883671313
316.868026514127
1320.75283686113
1140.13708805065
242.313526070839
309.304268344031
158.601377550011
245.890282054691
715.820065359368
329.536512293268
287.558220734949
275.150370366795
483.731104782382
469.697707379854
96.7678971455652
676.304973243428
373.905162534633
366.234516451803
1316.5109400263
501.786585164494
445.451699238652
389.703636712005
282.42190301433
187.552175879039
675.174478483353
487.217480566495
563.952465916322
758.292995155203
297.459332023178
237.621942103549
515.866977014929
480.495270826297
748.112817531972
324.431647966635
527.145663933536
174.018292733467
1123.87705796381
331.931341862864
737.576676798243
535.347452011474
417.286074428094
1132.65644893388
540.436646743285
660.426889960625
814.713173793209
409.115034518581
191.658437890114
408.1179503705
685.405240671394
272.513587650975
782.622091423102
214.008383699446
620.730597272611
240.281624127991
451.482978778941
356.632618335507
361.469350036282
195.204158599426
326.163440752136
247.087734894395
594.126172948746
296.842130645601
505.287431992568
353.859581352458
386.922665130875
249.073295926696
519.621821037225
567.288352444103
1093.11798505891
844.088492198011
502.513914254238
223.273793867279
330.216415161221
321.105803116762
189.782055677671
431.550995127348
312.528410716231
294.755880166207
438.031226745419
640.730458076435
652.659818512334
424.981900939806
596.976070902304
325.656932562607
376.790529373627
1456.47788658044
192.671309216535
210.607474223063
166.153868397878
358.887435745009
1128.65696318752
383.901954510721
574.981370413935
242.134533894096
549.238222689204
863.358905639156
239.850101366918
641.616069377554
702.644596386966
280.8195475183
639.893560640513
700.777298893878
269.267917629175
799.313680787235
665.620998350333
565.07616045139
883.268837956167
461.363494519546
261.237913587362
447.486711488528
207.245859192105
317.75143065754
385.989337159964
786.032401644727
517.716124689916
263.899623414354
357.611425605527
346.271394971876
250.985571653677
175.863307733694
1014.64357159759
173.167620721838
167.179887962099
421.086256472934
589.459640114807
497.029367119017
240.274488428021
341.775537033406
547.793808605683
945.533088767808
688.307730415336
177.39138460702
431.68827604642
355.082982880945
576.859581497397
341.91525350156
321.285631078693
452.170070868931
388.764139049774
1423.67514156349
774.827893433509
327.606275568114
699.523443798426
563.939817406126
395.335607313319
1019.45684115391
889.982890737135
481.632859655207
611.86415447306
250.84746795058
434.551411723054
310.292925399222
797.679037357765
427.538858168899
367.603863494986
1007.40373161484
797.928924682382
613.306254022063
493.189019186743
463.700897252592
499.401200601498
201.060046886904
290.357208764322
471.753252728119
697.762560082973
312.203551980617
622.830879615006
718.986844995912
731.312662135794
538.287491505552
684.017071993283
222.400328102691
217.482549715405
208.19791957889
246.495143607129
321.214314467551
418.060256525074
510.247822489704
193.17770145215
253.417169111983
335.676382687309
553.460993371201
435.613805128591
331.317207020794
310.314843474019
332.204560966808
675.000630703376
235.14055132893
326.668801528647
276.034702026624
361.877144451644
411.692476729614
677.060223101465
1035.80562908743
678.997836293137
451.811585345073
420.915860024368
400.470897157312
1165.71661932258
407.128157702334
300.311590109377
372.53878605006
287.40817086772
697.653268506643
296.733667048854
1097.89442647051
430.461992114682
339.461464023558
310.089688594119
207.89868654187
212.293227022145
575.310491511986
459.540955512493
244.3907165169
650.973385413042
613.74590748814
738.000641612723
360.972145051323
257.093086916505
648.289391066018
763.969679327311
1271.60966264047
208.273526881422
354.870898492666
197.573416843655
92.681861922404
215.966690655458
586.246707962671
376.291446469989
422.548983684592
994.78982728617
879.853951421834
524.61570529583
348.311927909348
273.175087324638
419.809209826463
198.538985920338
386.275107160103
253.083449712615
830.95010364076
283.842999513983
437.021774152317
640.035166141609
1135.81844949265
656.903058199441
365.859710885918
338.680659815745
419.805961001877
251.795454485236
577.821619432185
301.934789862958
196.056415549428
520.541244569503
325.728738181769
385.451746248014
304.676037986867
337.399770182682
354.335055271986
420.566473648887
939.198174028864
613.713671213428
235.396549921414
755.927671531944
530.09119243424
280.484395577975
548.131960283034
655.613717105936
219.048322005907
546.463613409175
181.826644044259
190.766286331386
498.847158756831
287.359334167637
419.181862064435
356.507289349157
339.182742109985
583.588604178146
337.970429475743
298.82656351263
1060.937221372
564.139008926431
170.062315866727
161.622814534112
633.259754911806
234.443229614587
502.31565928055
320.144172975543
209.494896578864
836.494002414595
497.012566735378
302.146077514698
279.661008705482
401.945792984749
608.363941766822
788.666567224221
678.625028185324
251.874721765083
592.200229705258
181.239098527578
531.307231062808
521.957944872784
246.159028717484
371.001715600525
256.879321825565
365.348249147819
601.633147028361
370.666498863547
223.977268132668
712.115033695569
266.329905013135
517.973808634524
915.322322890827
126.32255217452
271.244602998307
320.406305162549
782.394701593833
582.141169043078
262.212566971903
274.933404199018
466.885536631561
688.036863891735
317.726991217556
876.725361347954
380.496852442673
240.796749286149
388.411995387726
420.498126131123
401.057510465298
746.258620142239
266.761900455285
616.975312442204
665.268249217834
388.759877479591
536.596293500453
637.673937311468
867.761115484214
499.46237841666
725.44203577535
415.677805970594
723.497051576156
269.33748714361
289.065701009811
193.49372177583
550.309259815752
221.863860997033
428.581410575815
647.515062599509
450.261221657216
255.80853945331
655.009810320433
541.980375499311
484.664999437055
703.345851855189
805.44915020598
389.332081816961
208.163131806905
375.761915690439
241.56631349126
678.195448882977
631.149871978304
579.731133994979
269.597584421437
261.877407319697
523.231200048673
336.961511989211
232.711451781026
264.977831789775
306.857710063632
260.947912277323
230.797432855045
1350.2513278931
679.893231388993
250.74443596447
298.481716845447
352.550361541515
426.738251848536
544.810022297593
248.789459308968
398.040496843728
225.700998573762
234.557931269192
281.253128495567
513.944705130707
302.336993013078
435.654086532991
391.815304605766
501.273387133046
645.364642239429
392.069048547375
487.316431147673
620.169966110251
541.33714384394
674.3228771878
91.9583347812892
661.85533797566
819.197109063509
243.214829714274
914.097711627878
1044.8146406764
329.733499207554
214.550889309689
321.561452868107
84.3686815322363
578.082963447339
417.986231036658
583.712722520014
529.23079525863
602.402201319335
623.53835492307
263.938018654652
559.707714523533
201.428312862006
523.367914585351
694.07724316571
642.544794071839
445.696916646026
313.672630029115
121.22217491052
541.245622295915
98.6640318604459
465.562004168518
409.481985227455
173.073101238868
304.475128773919
391.701093418996
397.658810964337
397.635640727392
810.713161013504
