698.609793015102
1046.02110687439
1418.39976305682
714.739876692285
610.651908894827
1022.47197795129
939.958583233713
1164.76273871695
1508.88271316301
601.749890129436
692.81351136824
971.304140031349
805.981403481299
934.487896247875
681.041341385919
688.414753037474
825.642594406532
1281.18610660859
939.839638506346
1286.8424840344
1409.6476325211
1187.28862801729
683.302280741038
706.296984974568
560.456100054864
956.077273704773
831.107616092953
1629.16717722867
582.388242246588
1527.85956631147
850.707788660756
454.74782863143
694.223492652862
356.010209761764
330.455313361517
960.980739188606
1065.30710384884
1046.94932328159
856.222242734828
841.714876609057
1274.28430265602
696.322417032118
1227.30055340355
940.558644232588
1354.61638117418
950.973354614467
1172.03679953788
486.513900255927
1133.33756488821
1033.55527211759
811.078301424811
943.56501266561
1402.74713766492
1672.93806124687
1364.97992425966
818.720364107055
718.142702450007
709.584643879616
692.703575888174
601.27424102684
1068.23741644225
584.772729960085
1291.37148068632
1770.73024425084
1740.90331513627
1395.10681721766
1413.10654214853
575.88241569784
1400.75210220511
1293.44850106014
1286.19518267925
1178.6324121547
592.257151303001
1280.29775416778
347.866554234883
1392.88208317543
357.958048403006
1039.27985307911
829.420633471966
789.161370789242
1496.90447944104
1265.76564738997
709.612082367803
449.658498105884
935.963890747577
476.729996715204
1658.64669977741
1181.16275761394
830.216028369133
1066.23318844705
1064.91671669464
820.047101421125
606.009283377945
814.146124699109
815.524332316361
1271.39412036788
679.754341872005
1065.6981424389
941.74216759811
960.871063619069
1436.94470087839
1161.95079416061
933.157130371487
1399.87484304897
1265.0954485098
810.221317720735
695.636544914771
952.248290818669
935.347511073437
808.469408806787
614.074199987073
918.378471216979
1162.15806072534
693.973017254901
913.695631530057
865.448668333271
926.952782699529
585.056346255654
945.135747510019
598.121504995607
550.282881919694
1663.34314950521
1186.46629356909
1271.71629655066
699.455443783946
348.625363404919
1041.84761160109
1178.59053461283
713.733234509863
809.168259916819
818.178119051941
551.66774219417
353.115810185301
1251.09416216913
797.989507979247
244.012790341719
545.475999107543
800.46799264061
831.456807349579
1059.04834043859
791.888122880344
686.769707291384
803.601198989894
1425.30898396281
1050.34954813648
1173.21915003022
918.312906665635
1058.7375050922
1075.73033904553
1035.06120449925
814.799766596696
1059.77020592536
1297.30661165717
459.607321266208
920.253924047258
1055.78914049201
918.632150097581
813.403525764685
701.526128413859
1159.44884315679
1078.69827807256
800.418124354868
362.240759116624
1408.10407150277
1270.18168182007
1061.27379793673
942.959131930749
561.429093524994
1200.97727634936
1630.66421416355
724.75738850148
1390.86621231458
1721.5812961177
344.687709434129
812.27273932516
1262.20905463749
908.321985935379
1629.66207181488
710.10372023757
480.725416092725
1309.56566454739
1159.09481676795
576.174855710551
947.685886051529
1060.53569584489
449.035663246539
1254.3511963094
709.360878657955
1310.52763550447
584.291683740282
1031.63957631224
1167.04252485578
830.038191123249
1408.62547477154
713.763841648034
847.278201928572
801.199616261722
1036.93981406018
934.885796785338
1037.69485235696
355.134725888975
580.747750190709
1286.16648775571
1035.54258696158
1128.3298428037
932.892393790303
925.914285081961
578.514694701251
957.496340418904
707.09477641039
1170.8403586998
1174.25085847484
809.165232502853
945.719799791637
355.544975451574
808.059606941896
697.088005415605
584.366782782856
1406.18587508635
369.778381172494
596.272459195218
780.199440733369
1537.89829647415
706.044594662911
1882.39009409056
1157.29583861106
955.382282950606
1133.65354707129
469.376622692383
574.93345227909
1145.91119783766
477.909417998479
466.234003849224
1433.71524776872
1030.47277203091
591.534199815912
916.951107490323
354.020467375435
808.211515452592
1341.5398034386
1257.86736961093
698.611512135988
1147.5083340492
1886.00681430056
444.466974711498
932.210673315388
458.747728874763
593.795415781647
1260.62465475942
680.879776847705
1045.93374808218
570.666091528385
810.566410254005
575.413239449393
1406.85177406407
461.313880281453
474.254410365793
1488.56089188887
478.825021016928
1042.20688256078
1401.95267463759
787.231065623745
359.799941568867
693.925742441594
577.50616328073
619.855751634272
922.255852415611
692.921776764408
1163.91893301715
923.69663777393
1052.80872955886
800.046917287683
1052.88373743105
716.757153218605
597.265869981692
595.977555467756
1148.9629230454
795.623057240121
1039.3147129887
1074.98480125719
714.109355612246
734.942602359093
922.377376903783
815.597782222454
1738.00870858902
583.215724832419
1272.81052088321
1275.62934540614
812.865788501939
1393.22997358163
815.463076590677
1039.39790977639
910.008384693929
1062.9776970878
816.028662001866
912.050890126764
456.00818717309
356.970986474529
812.138718805816
1427.69411766406
1291.68724713313
575.505446100468
1180.6374189189
574.720664772691
670.759203234224
1640.98275762064
1154.60797368119
338.374111849858
706.499453620259
1259.53542334163
1413.65926822455
702.843562053703
805.818100300281
1023.48264776178
1258.83514585935
928.874731002957
811.672456949056
346.784617618261
953.25911251148
454.160589784512
232.309274021673
1175.30721781166
1709.74511988068
716.772579681722
948.853405186838
476.527517291495
1528.30057057596
828.031404407937
696.82406916726
1155.97282810707
709.577778065439
355.333425113616
912.064968370204
1694.19970167476
829.7235434242
589.296367347283
906.765829031062
930.472598963797
808.685099652595
812.504862711023
473.984916714869
681.489082539645
907.240262430036
828.861897362975
589.397144307986
577.526836574672
339.23881159821
959.687294628806
932.871519344861
1249.95456600911
1042.61394174722
705.044624154388
1537.95905294933
965.288443936611
589.77187120434
817.062685264728
1288.69292107542
470.935580597787
714.18936931938
574.21383935681
1742.83190963332
1041.6223716101
713.122689200987
790.325834081444
1141.45822677069
1357.79145943108
1297.19611779294
1557.8995888928
604.950130002276
948.343527185099
804.1980105504
705.520039637258
808.959241061512
1172.20892402266
810.061752024294
911.999459606988
1160.51460148944
821.983872239947
564.575388001515
1273.54179811925
1158.16115104226
686.047648746065
1066.81931526129
800.132269785989
719.264141220424
950.431706572771
1077.90839517595
1396.40156703619
811.241058512961
1256.69083293069
1386.29309764757
1260.90919105187
1178.77059287776
1183.04972877871
919.80603072033
1502.63818431964
693.906289842483
1293.78990164702
1210.71734182374
570.032569839554
939.516041671006
580.369808482661
815.457679787032
247.043579488886
1277.02656988441
578.549666645222
683.213903101144
553.741204219247
1079.66130232469
809.15078574633
1071.7597609558
1033.28890132585
1177.67219529807
483.807890633834
1298.57473680274
1004.47755020168
821.176544406162
1173.54237675457
1152.41417688593
1064.58838281476
1422.3864696536
802.809189215607
1145.55259099166
731.663171299063
1047.1394536972
721.47635502572
849.941137243429
1060.62327901316
1156.7550327768
686.31302029091
829.633827185662
1073.87534829169
780.342661188301
1157.00028815638
1429.29995002567
1280.25285675472
1068.58324327957
1055.44586261701
1148.96437178636
661.716849282545
926.193474051994
1081.73769319343
940.356996615885
707.549448094711
1615.20550771403
483.237023342905
817.384083113178
236.142205578961
475.053740901257
459.431548246062
824.648762540806
1504.79623643387
360.737610088313
788.215925850491
801.592286747871
939.077117978053
590.680928888496
831.299964433792
0
444.233148320099
818.068293536738
361.290104507265
1267.76236962476
1156.74646564102
676.677743753081
1634.30376372632
696.168434337198
938.370493631648
690.517265453484
1482.98167401813
1654.36051102218
1751.60961539411
1372.94704436454
1190.53724364105
673.298296398596
1065.71597954954
786.900491920533
851.217003206233
1283.42826701619
1158.89500621718
1065.26444843443
232.676757366332
938.87303920561
1295.51973300097
910.289353106895
937.685220867115
1410.39597056174
947.675320321925
454.584661468469
949.130838420593
734.300924234967
803.98280034017
1040.40380557589
1263.35137406461
830.365135435718
815.03979182153
589.817311362985
1551.53681879922
1082.13013829838
813.435454062904
813.517320918551
705.23974147925
827.595323313628
1068.87438101404
943.982809862664
236.804895816487
853.094370505688
1037.14331226123
355.002284398711
1424.98757476411
475.515528306286
587.272061052995
693.681772788809
718.41148184702
701.984876106956
707.448254874016
1171.36043874942
464.373014127755
911.980235609623
447.231759092212
479.489040164816
934.991895797617
968.829061972472
1167.84686200575
1282.69243376005
839.077862228565
726.626768511046
706.486761679596
952.419834129669
1157.28435324097
1789.1028146086
1424.52175926259
1141.68685413324
1062.75966830846
698.413214892192
1065.62587208994
476.564785010615
1030.4793772133
667.452742364145
828.069697370769
803.421523753892
473.420171035952
594.104398422891
1287.05022448197
715.931681439321
1032.65402491911
1360.99493665679
1394.62775715632
1629.16592914346
1284.47296442947
938.18001931887
843.572671224988
478.443644905192
480.80352593433
935.080920994825
1033.86127991045
1061.05784310403
927.25757617259
826.026455964375
1489.88983301486
931.629536725923
1290.23321995765
681.156841851355
824.782775377181
571.942390540231
1634.15720734145
1297.86195430969
914.518764910296
795.683818337653
1293.97688052268
686.337570466752
1170.05326954014
1387.68454353748
1259.39556505429
954.31196271559
1035.02294106139
1614.95681452353
704.681912822101
690.377922151392
829.118616678385
847.654940219042
927.020003218868
1140.7060750481
707.711640703783
1043.29176489953
1556.1030297681
913.578295666023
697.920064578123
928.660282490135
1035.20700016381
699.100261518782
1032.20860589034
1268.04513268826
1050.20540270054
1274.77903484866
1028.71991145458
880.089079404452
842.52257856982
1043.49542918938
833.868170654132
1228.55454548867
718.467351365351
938.43362936438
1421.1021802316
1578.4333733417
939.008844096847
907.926018869366
1028.4304586609
479.577393586877
1047.62317554028
697.300599050031
782.122065203179
1420.13960316349
1500.38565611551
836.216038037748
926.465315482598
820.488890027072
1527.34763543082
1044.06784951099
1307.90095618559
722.392149450649
579.427770839939
1365.93777925728
831.091426627468
1158.07343292509
823.434393474747
597.450321242455
1372.41786930546
936.833020709343
1306.69215456866
1511.28870939437
1185.34046043943
1405.47052712159
695.572458388573
794.349254258171
709.882803256647
440.886363843991
1168.67857990864
1063.5457501685
470.146761532618
787.695290602841
1144.37622615966
1403.95708127589
808.073530726211
1054.37531137515
1286.32900360586
1184.3672374949
703.561513064149
575.455766024006
368.090525579811
581.089699780488
923.614712769825
1174.88573100774
1528.15647460117
838.542830124523
484.555960933904
464.327094920186
1388.00953204563
682.188557917456
1050.46587089914
560.197475322053
942.739929837224
784.20882638061
698.396294985577
792.744907050599
692.486703239243
715.115868164729
910.426040171644
1054.15644801607
1257.32962157373
703.39880489654
673.080840714837
469.70406308986
583.085645772465
932.672253801498
1044.18803170713
1034.40303957492
576.052142436178
1059.98020183704
1516.2002933243
113.448907730895
795.348432739154
244.184862314622
1167.17152796252
356.99510785717
785.081434229263
1140.65569199914
1285.12015355697
576.024500475889
921.123150942546
581.821942772551
346.565248857549
808.041238318608
716.454232259435
571.843568705578
942.001273162855
943.925718363678
833.703725213935
1314.02129200423
1039.73473184935
364.403638300112
1827.32666014347
1064.65523330792
712.194711345016
1276.99755129194
703.416811070188
691.498351677902
1490.69473693141
943.452350163739
933.83146120167
1053.3104636744
1259.53300608905
1525.30548988298
454.195608958424
349.209578048775
350.454256968522
926.754172332538
711.622355510242
1055.87784123896
338.471373295156
710.855298716477
1084.33389328463
1645.62480678399
824.707638478341
1035.19003071812
572.869889734096
1282.74989944947
830.342527124742
694.533094545544
703.650401332799
1309.36569213907
708.537140838912
699.439734214183
1524.74432433821
831.617640299231
1191.76170248316
1056.10390478078
1397.17733560263
798.561926267102
917.065236993792
945.063801478656
914.747161530928
1291.30217145891
969.311985684488
346.26875940874
972.860809090725
1051.87387519261
1285.63820353987
675.102779824416
1258.37298537067
1315.57029865366
1066.94249059301
690.184529749158
1053.29730221829
1290.7803745027
463.588009223564
1059.38583526377
1069.12054691569
778.763770238628
1630.82634773571
1777.30067658434
1025.7511544599
1324.2701471863
608.567266138059
1143.63619569918
1074.71832827887
1137.13458258266
807.882839624209
1512.17284472975
1877.83612764914
1437.06506299804
1308.51050485705
1165.04289527133
804.253461586946
698.174804811627
1552.54470348414
718.32110140285
952.319835957991
793.706690943721
597.064550401712
840.760092020079
704.88923850482
940.402654610655
1092.27668696391
707.823874083242
911.847132080942
1158.493826083
1163.55861132592
1018.56388503769
354.330847117101
242.979252608545
715.69533280201
694.254458591738
1061.14305990793
1036.35261280076
705.35513146785
458.410852543469
1061.56933383357
822.005472175527
1047.99908313652
804.955391449131
1027.43907305586
1045.64056275733
351.480342536433
479.714642200457
823.24605258109
587.690014573128
1196.30742990874
1017.13922312967
338.743019159302
686.355386734472
588.153648994425
841.568812814435
898.740253634381
1653.22615123629
479.490733392483
729.296174422274
1235.9233989203
346.833669514414
1426.51627803714
1301.57045964247
961.156635967681
693.771711143565
706.376846603044
578.647280424527
1384.91165218258
1136.88234597962
931.438500634435
976.758283859746
810.56011923389
1779.44306278638
1066.42492890077
813.982096740018
357.021028532341
934.323157269072
1045.53664598257
936.07130051821
925.267548363688
357.576204545745
935.265094683155
949.117835024121
950.91642858622
1514.10979502203
351.647789349554
1060.76241673166
1417.11391398231
582.541588409741
1166.90658399206
1054.22368911889
1511.21253834541
821.326528833445
1380.77280840229
1164.79877041824
460.885789804003
464.088932581815
1062.31378705817
1163.37956576035
560.115620206512
1167.77271174667
587.288155537653
586.050207173355
935.924042783011
491.947658404825
948.526391606546
1069.16876683333
462.90836865191
1067.73218300324
581.029112344567
1516.95376027736
1412.67660959937
1009.38031248146
1045.42125185819
1387.46075062817
693.296429104906
1514.74087409978
1198.47352497333
1289.42258518227
1052.555710081
1024.84169223605
1064.66184196856
812.118652597151
1065.98997920608
484.308605725623
799.037334194974
914.678771318037
1049.02272785989
1152.48755414465
566.859874242702
1183.43772965225
931.516506873488
1055.03737773458
961.154387795383
1417.02090173658
1043.94377383132
798.713524235787
1281.75643731801
1602.23571307488
1298.30483145666
946.157249503457
361.385177769126
1055.75123110577
1145.26714004367
710.949171995538
1284.70660700357
952.145573929443
931.655858952982
942.095686422845
578.714011355157
837.941029226943
1305.41118069484
916.682697282445
812.699797553371
490.695509087059
811.174219965764
1189.8803003298
1066.52238470052
573.340707916092
343.584205422835
1044.04109148204
905.915147943049
835.330036955393
1150.29408348037
572.119279172317
1290.73395922522
1044.36546169779
1401.57176254798
459.325170652082
1497.52103995632
1611.56262158058
680.951379472889
1037.18097462454
1044.74789746872
1284.9652847286
708.396036911327
466.794387562589
571.399615710104
1177.24359317913
716.922792062265
611.728680840179
1241.67960729416
1348.65124540593
1030.8375452255
792.843140800223
690.89927100343
135.257900812727
1165.05062764632
834.350362130973
1022.1398718589
845.104766534641
1037.01990973194
1263.85327699111
827.550682907835
919.2081495819
705.549372668215
1068.87436807162
1126.47187631677
1053.23623706767
460.229358784466
1176.0252547385
799.122279263464
919.148368705812
707.283755779163
786.891455006867
1412.48817066178
584.704787321884
827.050937369612
933.340829740918
814.536383167419
346.144190817041
810.947432350699
814.856353569389
703.989151059253
711.801898701076
933.632672683419
596.561543192025
1257.15296933751
1206.14341062092
1382.09259697163
1020.10982509102
816.930927423319
707.90480428734
1022.62606013834
778.151297364357
580.659103188683
701.407619164841
941.933036729361
699.576924006752
963.574041294838
1519.42226881613
1393.02282000908
921.173244126537
1279.82693501942
594.215941238783
1303.66521849203
1418.16609817401
1044.73242606295
815.792410573593
120.208418557177
211.309757589878
828.559476019997
989.548038774702
817.642021731279
942.358392049376
1032.57555470821
1428.31451939515
811.869493594073
930.636921004535
1743.33010156919
460.933774056086
833.024118598667
810.849218687272
1285.51811512398
1523.38688304148
796.897352007606
1283.32439402137
840.867100018024
710.975849474164
945.523351475082
1160.64084253085
1402.99468011971
1202.74173831617
1288.02619350563
463.584150544609
1159.61636278516
1266.14509018115
579.627850317565
583.732782228718
470.07063040443
1174.53206327608
1022.48955479608
1057.56742102326
683.309094073515
1151.97467180637
1987.54963176729
833.444146101943
825.627776349785
697.492000386823
804.9330861827
1191.05726192182
805.097005084184
706.862647260285
675.299209730637
652.465883091348
911.062636386076
2176.15420371642
1163.31865761768
826.485930159663
1041.5618648761
1512.50739670241
815.093102813856
699.299835501908
724.937639161178
1049.95774595218
1042.29762558617
934.421251600453
599.692741176986
460.979490036219
1162.11099315346
1070.2255329443
820.696444242378
1594.02224976398
1071.2454290037
1126.04592287831
1277.62647545144
1048.09621201381
339.33864173019
945.632573583873
1157.26541271599
579.42260324407
964.78495816079
1027.15689745783
1152.65178404956
689.352734435641
1242.49105832807
1295.70947147315
1059.92071965249
1059.49071161036
1028.8533347363
1630.92405909989
339.192527282077
578.944424545382
818.187651335162
1052.24208862131
1070.52895549802
710.226854430294
931.572422702178
1146.78977473673
821.682839850138
1281.18623808663
820.986665541994
939.446696573618
589.196546852055
562.362017101377
1169.25817928188
705.86127747771
1159.39602578388
1421.56515700522
1018.03782500244
1274.83084866492
680.388990940511
455.54203626138
809.704792002422
950.974089062725
449.046069645945
1175.4671066734
942.222778681953
1766.84726303869
605.92136013004
936.740041147445
1050.97864209206
959.468959778257
698.274865299444
911.036604574393
1386.34643535272
695.971086106263
240.350486283621
325.885277649946
602.277758388843
1176.17559458598
1773.42138078413
917.604526367969
2027.77861945409
815.496809988872
439.905697678349
470.787607667607
860.472478002829
929.322292583573
979.888083592035
1063.78169140302
703.34293855842
1040.01698132422
1050.9346992605
1482.20031766679
929.391550885784
1264.63099702487
692.613517998639
593.400241961717
1141.67947941091
671.157182688954
705.843316159651
1018.84984094562
1626.86595400292
1054.22193311597
1275.56157793013
704.903384620971
835.002601890236
128.344966323203
1038.38329061422
584.7518924441
1155.45836089018
722.126487449275
1044.30749933934
582.25503552771
470.688103591087
1084.70788358716
1165.37613985701
580.142931390206
687.676128621226
818.969042018269
824.804891459279
688.068156462798
928.155146466757
594.233517442734
473.235337245285
1314.3401553869
1312.87334137737
690.948761962846
588.965088537948
920.990861526751
925.79010881024
924.189126562778
1038.62038193754
1041.35542819707
1362.8847694995
1034.29203755941
709.971550103686
1060.98964969059
1155.8985279993
1139.08924897212
911.93467457593
816.522212183642
466.870136507634
1408.71793023767
801.057072892144
912.625698546259
1036.3171338758
940.406813918361
920.86583410643
799.640731126678
1378.85879945585
1195.39110107358
616.590180535605
813.290023566726
683.333006056776
917.038439541526
779.138560945933
825.769871294335
1412.26302050915
932.698950303693
949.96529795254
1385.17481606223
709.368227380623
1271.19782058238
703.571544187436
1497.3085670482
700.163489846967
337.542595586809
1026.98157916355
944.123212243832
1039.94954528985
829.552881542281
795.851053998904
1062.62997639858
785.906820202729
1271.8436567252
679.094974731777
940.716954216326
1282.97940376649
813.449456284997
576.677244831354
580.77768536047
691.703056556637
1526.54573316002
1166.51450310258
720.71343538808
1165.35512678396
624.790834869855
721.637710989586
593.551562397508
1277.33472684206
822.797957101568
927.388693988825
944.350716385727
1045.46319185579
1378.70143956866
1003.09603470047
1056.91197690427
696.730355428551
582.951214308529
1273.47640457483
588.214323655596
462.37533360272
948.429968002902
464.885736701535
1408.93187233959
562.214524044412
1024.27492420266
1622.35697582568
1397.23781277273
940.387265371574
1840.98034712983
1450.4394966402
579.303255598123
356.069391937663
1182.69796861183
1038.66297223975
567.862016428694
587.359974232715
1388.07722447889
1182.92908624805
794.03773689996
1468.68261438691
829.450358183531
814.810650291598
1040.50699627223
683.001565490934
1305.18296073561
812.787986747012
1764.45808300589
695.392990257589
1036.16497613983
363.896035916606
1053.1323256039
674.674870524715
926.98160673744
816.500389064033
929.244974375825
830.717259986101
460.466814938547
1155.4788895103
454.758683261964
1501.98542001949
1516.03616503823
921.539039125334
891.904127662131
1408.25857302593
1373.53707429395
575.235267440861
1058.44851322421
692.636673269663
1262.62994047051
1156.55187484374
1368.43316777759
936.512780016357
1081.31176266398
1050.22215466231
250.323230536422
927.40131984333
1710.80638576197
580.67570383201
703.01810915787
1064.90632529041
823.890685088361
940.280820132086
468.66208205
1027.97072081217
814.754500554749
1067.35247160617
1026.240067853
925.403577604004
813.463027026118
1273.73586937439
463.59499260095
923.353584540344
1057.39341009701
919.127842493179
1048.72628523091
1074.83009292038
1740.08408799301
1501.28143149408
936.823576179897
818.33776247133
604.931263694436
596.90759696009
713.231687258493
1160.91217315637
947.64289551117
706.777742513514
1154.8917498669
820.249594334617
1153.77823013364
685.394065903321
596.711747279353
702.864242952566
813.074069082869
828.777402939922
1163.05233483978
1070.09645955614
443.770814837588
805.400808037418
1178.95646899502
1071.30385739049
1164.28043185166
847.718415761343
709.840466877357
1401.62893268719
1164.83245368104
1050.75272051835
1401.57222377355
1073.6564030784
1254.68334168686
465.277782067472
117.620510171299
351.305657110448
820.242027444973
1279.18180600637
1643.39370365261
793.234123785934
484.076332524398
665.713911412746
701.514378180047
1270.90818953906
1054.84254612659
1088.479801571
958.403509488812
1271.08027634566
793.609629817512
844.559226043033
799.75650389249
1164.60461553679
1959.13286954533
954.887951785811
121.539972030906
366.591488441074
1513.63883047826
953.486775198341
1889.12165261582
1254.09717356453
715.520983048742
813.196160504055
1080.52812645384
457.111657713051
1079.47712785415
1343.73029101186
322.928443784748
960.011135846744
916.287242383086
810.329512345632
803.793119622873
699.763932660956
923.970085467322
810.588878876467
1722.18066393768
1754.74773361007
1481.48776540996
1157.7628331826
1528.16121396288
669.985376188851
1739.45935310256
1075.14819503179
847.92571175036
1155.2098717782
1081.62091412707
942.093028589423
1253.32494271629
1650.10102103157
567.310184705556
1525.59673842394
923.884577420892
939.1007349072
824.754409306695
1549.50449534478
570.755815475606
693.358868362654
1030.14706771138
114.683106344129
1149.12493082268
1159.37838714287
717.638286500761
465.701977419219
1068.87477104315
1070.08932174202
1039.8321723885
1267.17782657507
581.163602841118
1404.21216512519
714.404961940719
955.617293203984
1297.13117682641
796.676178072433
585.62834944013
1059.20665043377
1063.17605074755
240.933413207154
812.956984001175
816.746569825507
1415.83565824635
1270.0017938528
1052.02226702413
814.859239826504
601.936551868803
1527.40530062908
921.953778576439
927.091452862839
1038.50246080205
793.334089520125
934.167861045648
704.583979929772
471.813539620962
1429.79357878439
817.009010481852
1264.343482113
589.164693631356
1139.56405736523
1153.88021458346
822.339969443464
1421.54755673173
1168.66722814192
601.39787067441
701.396846250617
1082.95869059997
809.758665086449
1052.86936695203
1135.81974368195
833.34534210483
610.070737420315
1052.68600273973
926.081834624963
1333.24243240069
698.317464122169
691.042886323247
1411.1130039326
939.156957554856
238.331459983982
1421.40766337643
802.144283941757
576.634355385448
710.954788915355
1199.31740343721
583.059122624214
1030.43215141984
582.92176854141
692.251778218855
699.386163784151
472.63158477312
1189.58064230986
712.341147348313
795.816075002614
1511.08684812841
695.997633657722
927.778137202867
700.914808044597
596.03783899364
575.06488865883
1050.89951630658
715.997124488771
348.631314015553
1318.0818845301
1038.0250117761
1035.34878434959
909.063221008619
1623.55280917669
574.429930871481
591.246009979655
924.791719838512
465.537094632685
588.349074020458
700.785031953168
1150.7117304855
1156.30030949947
1046.61585342277
1168.1353836384
1063.76320665923
842.927965139801
931.370125963764
1476.51853350635
1025.15999950535
1263.88156553426
692.550434878621
556.604175311432
1520.86248495283
1142.01668361801
344.952765484599
956.270933448094
1006.55788269627
1414.50071027217
825.037598551043
580.968632246336
1157.91496347221
1063.72272822377
693.129951821386
585.094403844046
941.983288753267
810.824871545848
462.691012370328
922.961614508962
348.858110448343
1066.80810106902
693.572580807066
706.512211079398
347.364300959138
899.636110187324
1091.08436837227
1494.01226990831
1199.53912681914
699.793408926514
1183.42389984293
1049.78945030137
942.098154177561
616.654686662158
1199.10907672906
1239.36590356137
1274.58277593204
1631.46126972587
795.455429136186
1296.89332460005
1178.88894095963
830.495986253573
922.6738433486
706.794834297777
1289.74548074494
678.707227766303
460.173562006926
792.183597140231
941.31730717411
695.643267362924
706.297534101594
569.683030840338
943.215453341574
707.122801160058
1032.68525973355
919.829498046317
1157.77935765639
814.440149774963
671.347271555774
1539.41817057644
952.402726908217
803.923214130441
1069.96049765281
932.945986040228
1081.69451178322
471.153075051032
1041.2984099432
597.638079438338
702.799570714733
698.91724659359
714.870050685869
570.305338265377
359.108034193885
910.014575646705
819.533306326465
579.166995954248
782.867529858276
1511.41033092882
1275.7867592327
840.808568898357
469.128772100809
1287.83660739118
1417.81739433452
1496.79312649177
835.944787506932
582.771164600685
571.631467881698
1106.58472248449
1388.68882375276
442.976338525668
940.361654411092
1648.30134663717
690.566656064499
593.854222694328
1139.42604344612
698.512102173952
830.335981961797
699.164812412718
462.259596428622
1040.5332486351
1595.69636882814
591.022761583825
931.515944819167
723.723428146655
914.025922284128
699.214494962829
466.132241125282
818.831699114914
598.277071758784
1041.64085455493
954.004260494611
699.849490911686
687.311957517872
696.315744588989
1289.9763258595
702.367806431234
1273.45327349427
928.67321853678
1075.52409699438
1149.28369675342
1505.80995575159
707.510673602654
1041.89478268907
1070.66990140068
1407.73626427942
1271.6801688097
1309.58071386439
850.306868651091
1504.69465625336
589.63329506148
1132.16088657998
944.351601809933
579.732117120011
832.344264147578
1147.23363703951
576.746763569608
1330.25190077465
813.51990952795
708.396013885615
2025.24500579816
1306.61467938868
913.026504234515
704.36595943874
813.747646666355
1164.33949790025
1026.15139618362
1629.82331113241
724.628872779778
959.820460773775
1243.09122327213
582.589112479439
1492.67887405216
238.100899380389
1157.91511253824
1056.2261385213
695.976907232258
969.168158986049
721.99262231077
1055.53678925038
606.053875967304
911.717168517663
663.87746359589
917.025017610928
447.845072891368
934.217916473399
472.929719541401
698.383159993206
1066.97278326949
1411.09003005236
1250.44454955746
828.826533970667
1039.05928318147
1219.18515914112
707.703843815609
808.489074807974
340.801849771292
697.794167836487
594.05887622367
343.849102411995
564.402418867292
1075.39966262197
673.770246997232
923.593994403505
1189.64633265192
932.451921680947
1756.67240741394
1394.79711158661
330.842227548438
1033.28687166986
1860.39726162551
804.976355202449
699.830919916728
684.833236885356
692.695322129564
1059.61614273352
585.962338906287
1306.05274429313
943.733014605592
1166.80717694405
1290.25221507832
814.023082133166
1521.37135497708
686.593681695664
1576.67599744509
823.764843488845
806.917610199278
1076.15663979458
1191.16898099732
1062.52197867126
971.237676094763
1255.60513314908
845.510037156994
705.029558060847
721.10091964324
915.169296027139
936.564533607967
1256.42007729565
816.741389317335
1191.37904123514
1039.27118867528
680.950149874256
680.379030193486
804.329609378563
1674.02470171421
569.397135951181
1520.05532097743
1035.2000066004
577.217336337367
922.10119528896
697.952107496747
1205.20040911114
1059.82787033316
1186.70547218008
950.60970887479
693.671157046892
1155.73759413085
1179.65860244772
1055.05270202627
1282.33769899607
1032.28482741988
365.873704987688
952.195834561826
807.723564172936
1166.06180120356
1041.35038935216
1644.49821737655
805.58693179951
933.343599775219
1082.01952125851
1179.58156800992
947.197359589627
345.665154821506
710.085988842747
809.578771511065
552.279395906719
594.034108350293
454.354390516054
945.588427992297
1138.1575748263
1270.07829488513
1773.43488632214
1479.33604141115
920.210874782365
1059.5558359239
702.713891628822
1406.90812029596
540.483396975431
813.086347316006
1298.44348866276
834.193455170778
578.608374514949
1023.65169795268
1412.27899284066
816.871499175627
601.566953278871
566.647264973916
685.833025250213
1391.67185093433
463.976478212885
1195.88341996139
695.854509572397
584.036910246304
1161.38425785451
1052.89856818605
1181.35297508489
336.594740365506
573.75006068261
825.486543005626
1043.25083619749
1148.88256420361
825.992446184708
697.464771510146
948.008864160763
1159.95205904771
944.53515250437
1033.82451828542
1406.22565209836
1540.78750401023
1167.07705794544
450.099458479566
1056.075873847
721.358296696327
1452.08732077459
1158.49804007897
814.246036420147
1174.30154602909
450.803439447433
1212.31807412194
1515.80377031552
1297.65205154355
359.544080893535
1054.44660190084
1070.25225161021
814.833000432077
1189.96612140186
1037.48687590825
476.893844110917
1290.92116769114
914.126574631875
1404.73515343339
1228.16244855469
705.797525544247
704.263410288755
715.478635485344
826.484842970036
1279.64864043348
940.235234846171
478.828149769403
822.056819861696
967.234616391384
1058.14764838831
813.267187280838
1158.95510306129
580.070477923633
467.516489201821
1168.66601852091
728.727316580309
352.989480750698
932.795738478915
808.926204298696
356.140116342101
817.024889971545
1063.81647752965
931.728709333218
812.718626357379
707.34616599626
1149.79700955391
1657.18187798002
695.329681049219
708.031065801548
793.731133791363
1157.53152812829
229.200205483284
1539.04281171891
1048.22883665953
1816.72664939918
569.214424698008
1395.2575715859
933.222501257467
1132.32080770651
570.09205545881
1059.99890151413
691.898663464716
1265.74852563699
1035.71044865325
917.825531609242
1320.98657319065
1084.32436921176
715.827276964855
601.796309231134
1166.83028133119
732.949267019762
560.677105820526
833.372416906822
468.792208628367
684.85604588267
1080.27707902108
917.366748141957
1037.68030142773
805.400733871316
1056.11963847129
1508.51824316644
717.446501661747
1174.05306531686
948.522185978509
819.032536887033
1167.56731604906
1526.83765344518
834.438837748886
339.936721662889
687.572306138865
603.620430298852
582.384871343409
942.143486109908
715.53103787549
1106.5412074106
1049.06512817039
703.065576411565
1541.67066182575
694.058797771692
690.857270015029
810.557457095807
1735.07037164313
806.92389025331
1031.6776557501
547.09013735909
1538.0893267989
678.334930119686
935.89237829795
1075.28749405872
708.32224503108
470.44569844976
905.808356981817
807.820593299229
1257.53575929585
454.857483780036
837.937248082234
1302.34100421602
455.043303734308
939.655130861479
1040.71470402048
806.965173072004
1206.92655885125
975.380049328698
699.108366547969
794.978558226081
718.966961155409
468.414434243456
945.357870499857
1133.5976038049
1184.21892965569
1272.07281527862
1061.97584269016
794.256032056418
1373.10174723041
1500.06975954273
341.478075972553
578.280461174401
243.171661069957
839.612177754779
586.792610863146
840.774860589032
958.509490566105
1195.90224780147
1153.22654299662
805.733961890382
1054.43463568712
1054.97166448159
361.912764909668
960.352117780463
1048.85162912072
1153.95569921664
968.222335083536
830.432111922353
691.718816536631
688.995590337776
804.684019788833
930.394609017708
919.553443121302
1034.53327785128
1161.5050543933
923.683072280034
564.926725953225
719.074059821392
1751.75953164012
576.905456104478
775.775942602474
956.067025429253
1055.34402364282
591.177991570186
821.622878349297
458.579067348448
1650.42542107074
1404.44348561169
330.284628214031
1418.20376256461
466.178313023926
1609.86412931829
1396.13132226461
1069.57661054699
567.481139479889
777.254033023478
1288.049692269
370.26195132167
