239.853499373648
2479.72080513551
4271.13846790245
1094.67985110913
2484.78912651229
1187.70068484031
579.489993496767
2423.13928973451
651.287889013572
2453.92241983798
1929.9718809112
1970.59255100936
2059.24187211854
1285.30113734435
887.886866761248
797.823855350749
2645.80860589077
1484.07102002396
417.884277050513
1261.45986747723
1633.47048297941
807.871216708523
2822.64712078796
2397.53026634345
1434.47627270663
1434.80945635339
3183.16124217005
3404.40118019986
3533.94060049867
1947.23307186003
1412.09562667341
977.390875799913
1659.70373064664
1617.82882532373
738.080843577942
1467.54724535956
2742.75803509726
2611.41406757023
1245.58775056313
1616.53216570529
2130.91249620584
1878.14836204767
1011.74176209929
822.093536275275
2868.31738767494
1744.12789040305
1526.76143763039
1187.04145821223
1420.74091105481
3231.31502620481
