574.197139322138
886.834462296868
438.044094316596
587.39387844776
949.16177570383
428.982369229379
247.905802850804
643.523374309192
209.730472840303
467.502352023557
450.722525832379
268.343982472222
606.091950206291
365.070783495485
413.122556603352
359.577392395193
268.153936965406
375.360434001022
451.28961130494
573.87780388515
572.847564175498
342.993619889516
416.67790546056
203.089011764514
356.093926123579
243.829404026978
575.711681347947
306.354613140453
252.661013002242
176.986676609384
652.39178711328
917.855736427589
479.12187424099
905.134714484905
447.067861124686
306.072149616017
642.448208556778
428.128124676113
774.523915738785
222.258646526523
211.8093225894
347.477266956063
490.775538677443
506.70975826139
1193.39556007325
323.782236927671
342.07662317616
343.152407137131
344.847938975995
270.960499964663
778.483765628929
377.199880039958
527.77131046451
606.078877343369
301.235776777559
348.772528250248
569.864123214958
467.716721450266
681.60817172524
416.811136236672
584.589118040721
375.238777367747
155.062320208925
266.766429050227
283.217706747614
239.546295520929
783.905271835687
268.477199052355
640.687871482464
517.136202655963
395.790928911792
286.532309428475
478.484682825796
476.987388671817
234.460079147305
623.284304587575
349.919514722539
209.317158879217
518.88343529891
305.632033683109
723.871815571277
418.423246175689
444.940424064582
432.799030200773
519.327027121721
158.047771819491
539.239246090659
212.59323158494
707.538971639685
252.335229785373
396.152282347751
196.938030693822
653.515587272313
316.049467888805
651.773535518392
1177.51515824612
223.269347689364
565.791917527695
442.048203509835
978.255594724773
274.884390395487
804.907306826947
271.166810602054
274.978161527889
657.315250337935
518.419205854475
568.360615771938
233.072776293566
395.116394045372
695.330523763936
254.371213677376
952.855407957711
400.76376938085
319.620883790791
916.91438750668
283.027340972753
121.374941325395
151.233258682412
634.72375061494
942.651781193296
637.735807918435
362.060782290157
288.966018466841
720.332033557116
435.434007792376
351.266693344233
506.166966799745
667.131210396919
408.205609608073
2489.37465007913
438.398150859819
240.699647596195
343.354976588851
284.672928029951
79.3120414223141
355.034221307972
342.439041188409
307.304872142676
356.33683438204
313.699330913378
206.565591302277
643.20437963474
225.794221959144
134.17015915532
331.127235349913
313.986944583726
529.902963984647
284.249382669506
529.056736109571
418.066422801962
811.914916810867
263.221267226173
584.666082993769
321.932938949902
593.503524300614
336.108557014079
539.983142611733
600.394542014668
664.031367271601
594.073236783435
244.824012589136
1156.43199888496
354.025010211461
231.307653652184
925.134703506826
315.18941726936
278.209981862379
259.298520085638
616.246907973842
844.419501919352
337.852474820561
641.895733011151
335.702253641221
330.629289047465
571.820003963213
1243.81853188211
459.08771668572
340.470429426908
511.345915518306
563.853289103931
796.687281307201
622.172928006961
798.834910625058
387.690522234699
261.552031063405
161.214569846557
653.274491220012
295.549634586901
369.084644527733
1108.4007584312
311.500275485047
779.945843707021
348.400448790432
645.410689796359
403.916391362961
288.855436014453
428.602142367594
438.892518900606
125.730904068603
964.663828564937
323.384216370684
356.653542553903
469.248527785716
983.150525776982
386.258499431792
533.579921347413
243.531944691254
556.165748480833
401.159612541724
308.23098770652
451.109974633718
253.220297417819
207.055395702282
432.535114763297
294.821756064718
356.379397777711
532.652154353984
297.863708926034
576.66106127777
684.052590049508
759.432975590949
517.226289589417
417.413886872882
521.51631426612
381.536529534894
402.287116337191
228.844256454823
710.603469710127
517.423196556262
213.834097041579
401.043182798166
388.278801883741
417.936669373067
345.804999465731
165.027137692815
380.620290089667
764.312122443875
90.154543560615
395.410621929357
525.57126789636
224.612272588017
126.375113034073
249.816896679959
358.23954196457
231.211128415277
979.342380057743
583.784168810422
656.355782043249
231.230647681027
340.413656209594
389.048279447853
600.881214945743
1203.17473311484
883.407447044711
1287.76954570195
369.712817607249
240.87777235756
1032.5821221533
370.058958752475
567.193185916708
275.07808443945
205.840821203706
515.715252105054
308.965683226607
323.836530535004
819.269768559922
316.92772061987
291.769624370598
703.42827899188
228.522134270763
1146.9786215039
444.288839951827
494.916695755067
537.97395287522
370.211304099818
462.971339206939
516.86015908408
251.602541102094
253.863793255236
623.733196487822
326.410879931867
310.10897417183
508.047313602036
193.554460397414
180.881997134245
1099.7732379501
120.756347913593
346.017332499267
483.340987589311
352.652104276315
993.131159398332
276.455033065063
335.847219081647
872.325726719259
238.032564689187
248.733059456511
437.81045308161
321.858859080841
576.882135004385
338.410810563872
460.897693833126
259.735715445423
475.323544846397
411.034964428374
249.503723262889
358.241719601382
221.067066451378
290.58910574916
220.487522957622
398.004008962267
400.310355770198
811.885627749596
230.587964795099
1097.57624480677
268.250082651177
307.834908450246
597.349996461542
611.870429965807
376.300978321771
1055.301541588
205.838843161895
286.931996760604
382.823469346717
723.833429378044
694.633513396318
239.914360539092
476.425710545808
509.081159730211
247.410408221287
621.346884648171
452.41776911019
241.122275644505
219.712083839318
1027.76502042215
226.138173665041
399.423573422028
372.787715642366
247.018225752362
332.751511746267
161.896702615179
179.294795528684
697.808242875465
293.183202025662
569.112434096666
710.356002711856
275.910674804531
836.201081671724
199.786096521926
160.323762954656
586.665851826666
463.640433740906
331.885752579146
492.286930668557
344.934159679544
295.442758913831
802.833636009297
491.0504945629
355.809694006396
392.547603268432
622.556138291501
221.519984467762
648.950437819697
347.655252815322
855.094737692641
110.161151327241
245.411836680462
565.695531230455
402.913573840005
326.078385656468
658.212652461997
514.242159785274
339.677152737295
271.972520144138
589.980114745861
741.854171416909
134.971281427299
379.251138428109
191.640052323226
561.30567943529
193.670414184947
248.317966409986
312.751708815937
940.476721497893
520.522328667198
863.022246727522
510.425517842564
273.30404359784
859.493221094998
277.455400424636
290.245603301174
180.881822382461
345.706799057591
206.845704771478
281.672281843883
287.986999918989
425.203981187834
173.771232241592
299.566596553075
452.934744904077
424.092540824493
400.849479926218
554.103485209345
700.51831371515
487.89202784576
216.290689057189
639.463757702074
508.685182991539
131.291981969784
545.177482485314
312.485077808588
1066.10612707554
177.859894989337
392.681441679615
727.858624884837
505.330290900791
583.244725107002
356.468244966726
326.69136745921
182.130310982857
1249.01172292488
741.328617614464
300.743874491738
171.633589289127
662.354239649295
457.617947336245
385.769507941491
629.980345424052
470.366183879366
247.701180849008
707.824496920407
194.243816655051
323.868857017024
315.095353525614
249.383274334307
266.47824717947
249.662937503463
342.665654419036
494.710170163636
769.918272214158
221.568809797748
391.482339400332
206.927945588279
732.780229100767
593.260889571779
365.77043160623
359.159983653079
1205.59439261546
249.826840166759
607.020037129379
253.590570092626
295.455629063317
895.14321922378
204.904245570202
259.193585236985
415.379163347371
145.748318751292
325.380521170093
308.700530559467
200.045941371982
192.216849846404
356.504920075601
1306.0291900444
441.183322316516
563.479237948048
448.256580381241
1485.07750885939
340.27616456963
1200.40807818038
340.281284291283
383.84219746071
664.528138433172
302.414284374656
289.456740699306
355.045095411779
379.126277957929
361.243664368214
437.985784610763
216.06910546
569.42203144868
433.349046333819
347.021056715054
260.840792760295
375.608600288787
281.617480751335
426.634007121218
1081.15588019538
290.192356134267
498.759461529844
1053.51264003873
510.038330142873
415.906557507281
433.786863490405
257.451658177065
331.230074649136
352.656054128735
113.948849097493
580.465492107695
974.372012630169
393.055281760715
278.172871428873
