176.048827425023
1828.92154754319
3485.48888224867
2238.01663856664
3432.8574854198
922.845233891954
2110.72375587668
784.940806481116
2103.18126334833
3210.76477377302
2075.94707231837
1451.45723875828
4020.35459181546
2302.38648160628
3411.3748087199
279.74148248877
1898.39007545776
592.198058718032
979.354370604572
1404.17418483614
2395.84070618994
2126.31654804389
1829.76030194539
1883.50077982982
3093.39413503611
2601.30634845841
615.525052675128
1193.89883694338
1195.72907399275
2331.86447807653
3589.91922425375
1443.63731130959
1203.99987035996
3895.00532077315
1254.89063123187
2341.55685935052
1965.68062438187
3913.83584880868
3878.31096809646
1257.90646489421
1258.19177479053
561.531089264642
1851.17916622754
811.807207340844
2276.19952529043
332.455207563539
2720.10663914125
2450.51915110074
881.5882437541
1392.37795415149
2143.67186970855
588.748617746508
2447.98482754909
2620.14467261899
1788.47575089757
2150.18245583599
1644.59904624832
992.255386892845
1838.19061067006
874.775568604125
871.464953129963
1754.58085501711
1855.40371643432
3612.29922853808
1491.7651426511
1145.53399908935
2507.19343321837
3099.96139195698
2342.62624476654
1763.06487099003
3557.93124097187
2832.19704998539
2069.30714035248
2089.93417496371
1027.61715194472
516.588209901691
941.179007940676
776.411903482241
2150.51873201312
1736.81113771223
2551.4939513717
406.875393359148
4328.40355588584
1941.64716184161
1549.50654778107
2097.98936921893
819.047093349792
4658.69277265436
3408.58329558179
1106.84525053754
3127.82972910008
1143.9937300868
1664.58280034031
1089.41831276371
3992.96812015725
2727.04927187669
2686.35803428627
1701.97054105189
3111.83936028125
3302.17352195347
