582.800731120422
436.773743093755
320.52884116445
397.076964874876
725.131589110961
223.19090087058
366.595414859123
553.752560619054
543.200596016074
217.283459383932
238.455015665858
1174.83565865886
220.633416038657
799.492360271919
148.649649443233
526.603817390925
330.194285937814
534.63663660224
516.805118400027
718.865416720651
325.318952036275
360.924662526075
745.096838913257
321.151142890516
292.087341779521
327.60960228602
255.340451383899
488.071107004365
319.87578111573
551.058303992985
534.521728381873
434.451353013499
497.545844919476
584.608915622495
180.668051400573
486.013387236533
841.660019096495
687.416018396011
687.586883696053
197.312027887679
419.294007330145
478.213756487796
239.853499373648
151.165272085417
446.50066469092
640.434321425337
361.675797934432
286.885710000179
220.833120132496
1224.46565947156
