2121.23200107756
1865.62524969372
2903.15377530616
1662.32077213295
2455.20872216047
3296.0830470078
2076.53021908055
424.28446503774
1430.91392576477
2121.70414397262
3086.19550431807
3264.51552837252
914.040461622635
3424.02158305177
1484.90519006259
1284.48188739955
792.938166006937
1247.16300690284
1046.56389833144
2595.32006788526
1563.6079882256
2579.437766097
4123.92254111702
3469.65202270132
2748.60823535174
2528.66514007224
1327.06229632176
1675.42791162268
812.020693134016
1119.34417903537
3447.24599477882
3147.08682830081
1807.10184649486
5629.86847638787
3322.09426140993
938.56622112014
1559.90697374255
1085.59303613046
2198.00249663077
2074.50336117275
3701.52250428927
1842.16092958868
3421.58959103316
1440.31696211987
1832.4906891424
1621.40413852694
842.457535728477
1567.71995385911
3940.35724236631
2234.75751643795
2326.41188926092
3855.41929143552
2656.27321052509
1676.92992371373
1907.20356648134
1575.71771259026
472.329643510897
1370.4401003058
1592.59764509869
1724.97977506837
3484.11516868874
945.96275166108
1702.57629626796
3682.53023910153
1747.5500749392
4138.45931121157
919.440381467314
2111.21580967521
1067.82263536497
1741.44478424306
1356.20206536972
574.406298482932
1125.67294351075
1234.12335780174
2227.06041585277
1570.97327582053
1794.24924173319
3701.0493991044
3052.82695769639
952.39765921001
1218.09867516655
3001.67471472583
2859.78601692786
191.657717243916
960.968024576742
1693.91725250164
2044.78753784272
2450.24445388825
1175.266084912
1539.45139078718
763.314203557109
2593.20743120764
912.05727673163
826.358273439701
2182.47918429955
2899.78238978926
1510.62382477797
1974.8371657697
1346.30405633371
3254.76416176019
2308.54620902604
553.87972977549
2108.33912035585
4025.57398217396
2024.14140160882
1059.27041368411
2350.97015196431
936.941277676479
2596.1062988181
1469.28228434641
2732.28073526104
4890.84665474439
894.253346118599
1237.16101343212
2060.84399152513
914.348614205382
2695.59016696539
4299.28685218396
869.394940749052
2765.58138064588
2220.57480730185
2121.50706425995
2275.53707020619
2221.80154023453
1791.61998550083
2202.95180039359
4309.58533593039
3986.43581136145
872.374033796651
945.750686591518
2916.57075260998
2348.1911769504
2276.45973274223
1402.97282793465
3187.43652312152
1174.71306596901
1786.00319533306
1511.29950408405
3491.56199402981
1269.67426805486
1189.22226582332
1393.07221351808
1628.09103635043
1351.7315243395
417.936669373067
591.041585103406
1816.24640939721
1600.04020853469
2335.8537968719
3737.3167250541
2656.52432453427
1969.27880129239
4081.59257174279
994.065037189067
2143.09064479695
2708.89019200273
2254.25897526066
3915.89912754794
1691.39830183196
2959.10682480311
525.353983030528
1297.44710113484
2666.74528164636
1153.61771761912
832.632569563489
2281.48414764512
2851.25570990508
2010.46709551399
3866.55863696911
2467.84553748683
846.263576026286
1108.71928279657
1521.63564624563
777.792893650918
770.567124106153
4671.4475323266
1182.88930076801
3030.25699472161
758.522888426359
1978.76395023636
3070.02428500419
1395.22404461533
922.158688921164
2003.76703989699
576.662487258716
1592.39823878113
3336.53122975042
4026.77397342314
2972.55809607072
1265.27254653456
275.739125386137
2951.66770618675
380.107711744499
1348.56785840282
1345.06268094681
751.831675575517
287.43008820127
1928.137197359
1626.9020259913
5606.75911740608
1054.54815720824
1631.28525842178
4088.77531325088
1489.19167624688
3161.79631077
1852.03303557834
1897.96301748056
1432.90156506192
2290.8230824659
2156.88964525732
2643.28846737431
1014.48297741176
998.145732674651
2293.80431087641
2865.7749374399
3328.95462380013
2512.25336411985
2262.59218099802
459.217597779059
2105.7211318868
1668.84876154219
2310.16656881587
1429.05714292725
1607.46899346974
792.795049426682
675.549498808876
233.091851661613
3471.09511242553
3016.81475323761
1569.60551755556
3873.92586935327
1343.43410838193
1205.59439261546
1600.34466772319
3232.88804555335
263.851193988441
2776.33071088169
1844.15988934852
1134.1897099576
179.555210517101
1909.3654961776
2652.83079752582
2079.44541487501
3453.75409937117
2337.22815562095
1005.07373725955
2541.27700064866
802.886499663984
3000.28669212366
736.081489727695
1144.78610062116
3196.17322983119
1475.02630420861
1498.29444141581
1078.03308960573
3090.74327840469
2668.14054899532
1272.12631477194
720.849288812545
876.646647321199
2527.43561462676
780.217196657275
1358.26414269863
1271.59543295521
1270.73787517284
1108.45795721604
3057.87906133283
1720.70760125672
1405.14687667726
540.606499211423
1144.92342094381
450.327049447346
1364.47243654914
948.107247075226
2734.58429379277
1644.08076239187
1953.91997259472
218.763971134596
1865.41658474435
1404.81773101934
927.483376857777
1599.02523518369
1104.19752891086
1682.805524314
322.235443948139
1224.77964781641
3438.00608927641
1951.78694173798
281.585894611354
1421.42170518653
2565.09260499204
2061.46838522905
1539.64095420375
403.420130717561
1692.11318605441
1733.46905674354
2475.1598223136
2327.45794953312
1002.97967043126
905.340510843238
680.699697349984
1192.66719152652
1403.48733268565
980.432079566092
1144.84411254062
1008.29729348798
286.30554059246
4717.68448502383
2223.74736739982
314.151072347232
4035.92392983067
668.385678375678
2328.305243494
2086.9764024825
1135.73471302841
1543.6813128879
2926.82439110346
1075.26361939635
824.945413477558
1841.44098877149
1930.46422796796
341.663097243733
1441.02223798825
643.727456880669
2459.94611598985
2483.24320587847
1058.43260297502
1724.05491026686
1403.62698569918
3794.19031791089
1708.13726274458
716.493260335235
675.144044143531
891.303427576595
1731.572474264
2936.03574837309
232.622527184029
1405.79315991334
1382.35180557646
1333.15153263853
1074.84911892739
982.735331473303
1472.27527399003
1048.39913862746
3211.89895587396
2159.44840242979
2124.0859357824
2273.40818798006
1357.38118119316
3068.58065353573
1149.97838876639
1418.66954828399
1251.22872601355
2012.46963223237
947.017194905501
1902.09899085918
3414.09829137807
1266.41741267634
1671.41246388118
3082.24235493
1745.40901198207
1215.52250867801
346.309730417342
2046.3143052935
2026.16820599575
1595.24662083669
868.615099923171
1587.94925669014
3155.20091302766
3395.52329687847
1043.38386407031
1805.17567838351
903.196259906625
2911.89599623521
3762.37883301305
3861.16748794902
1332.16362796447
1557.71072571071
1696.49539033224
3556.15861312734
972.190120002372
1828.94662037489
2242.35053499311
951.369468136974
2559.22257260487
4929.20026643106
620.052777555467
1103.78496932586
1843.05538317395
1043.9320291474
621.974118612807
3257.8995755401
1557.47568275026
4333.26916713819
2635.60704077437
2064.71379573926
1909.09277781291
1263.71935344006
1570.35910745933
3207.3558709333
5211.31745720008
3814.59855893927
2539.43397466545
1878.91373322485
2415.55910651977
2569.75287355595
1589.12269620073
2958.25700068818
1397.97804565233
3941.11801964122
1882.16702254063
2230.11062982074
2063.53040656617
2932.81487548312
1768.9031707709
567.539798443023
2793.94459905207
1306.32389269694
1012.43277396026
706.675726551306
2788.44225223716
1983.31786482378
1478.77967966666
822.375236787572
2397.8119121624
1153.43535647986
1334.9233572739
1352.97693081729
1408.71114821854
392.194916343428
3672.5675026634
1657.85105009639
969.998441337172
2370.23391549516
2005.22201830813
1354.58627426553
3251.83794585113
1112.44778733713
1236.74712357786
1186.00766505432
453.120195624569
896.060330743849
611.201370220595
3630.28893910311
1459.12115091935
2302.4291156511
2561.88171433995
2641.26600371371
1498.02551287189
2205.67447010892
2514.57760671106
2751.56179058716
350.780460952721
2429.31836593677
1859.46605553046
3618.1139951228
569.836976749472
1257.43893872572
1287.54448843433
1646.13795413865
2124.2847777522
2200.89657918268
709.463129451824
1961.27896721982
2008.76508802079
2779.7817121088
1650.64851523116
1064.86023909284
1298.65510519345
3369.42505642344
717.071641706875
3082.13349946506
990.804013742984
1353.53279345295
930.598981412028
542.81446209733
2587.01101106442
1164.48105138943
2231.89514175421
948.014113078982
2790.03823843105
2249.834490711
2568.73668843203
4536.2931354017
446.457374233095
731.325932329286
1016.21041092548
2489.84580611986
3272.87121629155
1277.51698540661
911.184164835424
2099.72023640603
1684.76655579462
2127.68138541289
2265.3623626547
1170.3115468332
782.219625198157
1109.99201467535
694.14906343229
1172.28537723898
