354.566696968937
465.932034031848
276.786036718017
286.630384534823
651.129947430515
391.927619636583
420.355542137922
286.607406257255
630.747552398378
217.610479408048
820.071494234724
644.377903028357
290.124337521846
327.274193101014
469.746688482572
206.048664752248
279.044287543875
270.968479818387
340.683000890223
841.738565307269
711.699406641912
1210.41035251938
325.742071768498
246.482954482901
724.461203515183
300.930644192775
788.028839409512
277.823789839868
203.729827482222
741.9386275344
587.505399172354
346.26814554302
609.023940488502
351.176620146349
404.134811322114
381.137770212506
506.659819851499
196.23115941899
1021.78630997146
216.919150977565
414.144431891039
323.222458022214
765.152998768762
791.772836058147
606.745599581155
214.382812878279
547.625457708011
198.818542480695
311.851933501739
724.034529775364
429.480867335654
418.803746738878
637.875588390986
654.230542258228
420.008516824195
1041.9099450039
331.524120558705
447.752950956613
468.521100589254
205.334460322974
685.141368007721
395.402771425452
263.46763821879
661.549118868567
656.676374808878
558.006867543863
1110.53648198793
181.155976880081
331.38158173806
524.30050998226
379.636427048658
494.976090208997
299.359418216084
627.926064460212
375.657579758028
397.359519993462
433.496810600089
587.002810018365
330.294027621018
414.425312430983
380.183107732258
424.103285948553
580.102324087475
150.983970443962
346.358956064889
437.938276051376
812.388467074334
422.722459901049
312.48023695026
1200.04921879703
299.61656840259
442.77309973884
466.399139799726
235.840220666368
751.106827785689
1016.12177343039
466.381776954101
286.239910625406
396.331846472589
391.488928134496
