2367.47138127096
4412.32889073195
2191.39078795796
1877.90716651805
3104.38207642305
1397.63853730444
2425.86626503633
2353.35498195122
1643.71826479432
1703.391678576
1020.37778590621
2202.27124541733
804.548283551295
431.947271803328
4105.24154396435
826.920195304546
2209.21100133428
999.45368330265
1559.18788668584
1778.15778398571
2399.80488268082
2104.18317943548
1709.2442204328
1778.60778146462
2989.06776119548
2193.60829579869
2807.71336305426
852.533828441633
1275.35086126491
3137.28322000437
657.699965334847
870.732746970007
1658.88230570236
3917.03979248355
891.060961268367
3670.21602973848
2016.74906213014
4498.8427646527
1750.33062373119
1811.44385767504
1955.15116277531
2463.10494430465
554.87168552001
2755.16953186089
1790.20315556088
1323.32663105024
453.681764610749
865.441861503713
6723.13489878041
2622.28567498082
2996.51512171125
3493.16082058873
2626.26930544849
2935.30079517773
1160.8454347042
733.499331366873
2454.67700341811
2685.76437690417
1582.40728688422
2959.94584025212
3546.74549001807
1813.91982233122
1513.81596251946
1117.02957098957
1205.09688011352
705.738526053398
3623.8413830789
3187.11326937713
1240.26564588835
3882.84412218256
2973.99263577619
834.245941923116
3195.7670823138
1585.5132116504
950.907013928205
1863.56494973077
1353.95812019187
1207.81381225892
3623.2903925278
2388.87909679693
1590.72826439047
1167.22419927227
596.453552387445
1460.4709756216
2787.51385374409
2156.87353577922
2057.6026695074
2598.91301332814
2055.34388811557
1831.33462261891
971.182006826449
495.069548437183
3716.44188629041
1990.29620226767
2054.53092696021
1282.92778751682
3080.18411803106
266.198624683167
1128.87161301751
2298.69027413653
1948.93023428917
3007.02529271788
1450.18957860371
2961.97834665987
2199.64195257199
1117.4862434251
1220.47022753975
1446.89654899628
3086.29269365771
2209.80234063591
1149.25628471658
1489.75786433227
1367.93479903369
382.091183488195
1262.41452756758
2601.85295651988
2089.62108972625
3286.15413339811
2917.17841131221
1618.96100938689
2580.98759065591
2021.21892787261
3563.51685195222
3110.2100715577
2626.29436461992
1178.8083316207
945.572671038683
3687.83997990715
2402.66699874637
900.66785977264
667.843398503045
2034.28950205564
2645.67770724296
1130.07638037754
2548.71379495457
1337.92895011698
2677.15890170733
1907.17981150252
1537.11530769471
782.501113467507
3762.3633393236
633.980869163409
2065.4370043359
1099.77699934101
2001.38727510297
2166.94123488346
1471.97200768785
335.278416842818
2870.9253286408
744.2137734833
946.996193727344
1840.65738985488
2432.62304968248
1317.03350823472
530.825397416274
1727.41510472771
1999.59562133698
2353.31258755254
2158.08882969834
3603.06155610442
3215.02358531136
498.254602655027
977.636915407456
3050.64017308641
1639.15759143862
1603.39960229261
316.71188050728
2011.62069465055
2148.50840792875
2215.94812073821
1063.60720543243
1099.35165380911
2690.70261224093
3490.73476537364
3641.3750527741
1479.23890658152
754.58861147139
2224.56531210616
3136.39938796532
3235.10978741028
865.441180787808
2123.03238033738
249.689395293554
2070.2818388329
3770.01758406646
1726.44557419176
2355.55474549546
4097.67163308276
3301.48016054104
1843.70968583252
1285.15123755469
3219.45414203085
1586.37587984035
1548.68414281156
1675.24206980225
2833.6362822841
559.602813369539
1832.21509742094
2245.28646500384
709.290279001872
2071.08415125792
769.018706032665
1151.8180505126
1950.19789732201
2727.35485576281
737.428174691122
267.61131803428
2080.79431408179
1989.71290274947
968.961449086942
956.939856442123
3420.85491436723
1586.62324274238
2433.67646643205
4693.82083230206
604.995712326073
2375.9276484277
509.09320704213
3192.74213478104
535.597762748329
2699.01521574449
4678.89247765531
1012.43989545264
2366.98332422417
677.195538571647
1972.95178590306
1516.47475837144
3299.32466188785
2075.19046643212
485.834984292614
3659.92033264147
2768.59838846326
2282.53729552747
2123.01214823786
470.248953880137
809.810534524044
4556.94851225184
944.135377387631
1544.84170617738
2553.8341725728
911.261028540184
1993.1494310346
1179.29615985944
1032.2760470749
1450.28317815024
183.922956082481
1577.08934368012
593.398201454122
1324.68103528504
3345.61966763725
749.105024920868
4343.2002230745
943.59683349819
1495.5681656346
2249.37069830058
4447.56482899487
987.850838611122
996.833024641951
1123.47754082276
4084.99929614267
3364.98141464087
3205.61027957846
2170.171047956
1472.86044478794
4062.18903385615
1537.13088528884
1492.96820621153
1803.9022213537
3450.8560099369
568.861136488438
2116.71097752066
2889.81325146339
2356.34914470695
704.587243027594
1921.91327417279
2208.24665573066
1184.87107410172
1823.23491018826
1453.92367476624
1095.17964447976
1240.12819025373
2455.56503336137
916.300829036473
1546.77230744664
2223.16955635688
716.426040640264
2085.24061308869
1811.59744424664
671.534042196885
1486.30803965927
2086.56335967659
2483.45767645284
1250.04212160986
156.397885788906
2444.58454523927
628.15268924859
2042.97476515622
2358.40656965011
1533.28230937043
2327.08715583544
657.782155109689
2055.18561762128
2162.27851244181
4115.73820404783
930.32651925744
2469.26603206606
2815.25253460563
2128.69949416754
2433.27828844312
1520.49626106872
4015.91460926601
2617.25805368994
2475.85463204873
2136.50349690507
2178.31894522349
1110.21486685752
2014.53071794453
2663.23302930512
1322.40005901855
2702.00361624886
1517.62683999955
2913.94716911148
3267.71848648618
3281.99525129955
1502.80855946241
4483.18787573267
2520.38937837407
401.237141332919
1013.46830728589
1702.1090798257
1550.66970016373
849.354469530024
5020.27914673676
3202.75573210988
2087.95257526803
1506.85147186726
4018.4209816116
2102.22826461606
971.48982596777
3009.46883614157
1079.0731588904
5288.54010278069
1145.16905426978
2902.52952582517
4997.53695934419
1179.46358845243
1875.10107905259
697.850985485047
2257.70790662736
2163.64934129744
821.521747025634
2776.615317074
3213.39982240475
2082.32056771113
2050.09841343478
2355.22687617111
1200.68803496222
2054.13022112486
2115.54288062345
957.128051201293
367.85626498917
1478.48329939844
1873.54194644042
2962.80580861164
1604.04949471259
1778.51914882882
2646.75257758277
697.658264953749
1160.80097135813
966.086068674806
859.583505558213
1796.0722792811
2240.24792888459
2015.89311585602
2720.731153098
1548.559625935
2746.9502958971
2666.55039711848
215.772826328756
1932.70843151693
1655.37762900134
1291.25423539879
1459.29862304213
2459.97760773195
3226.91238790549
862.733839757985
2074.8145264332
1872.49905178238
1927.89488858079
2137.31154170835
1261.52862622698
769.712676061795
1456.04369953999
2517.50535739834
3439.08772338992
1670.63468350018
1606.2998666598
1414.40674727949
1770.25421507424
1760.80237855019
2106.97476198005
2295.53004219778
1448.68615181905
2008.59772788982
1606.11959716958
2611.35288245933
1202.57882026721
2455.20342768068
2238.08006540225
3149.87289005815
2368.65223645456
652.294061593602
739.150526240213
726.004376843755
4219.3231417083
4301.86707238864
1414.32057616136
2622.86749034263
2166.84145126521
1176.41401729753
564.823617324405
1422.66960076643
950.227295323589
563.706327987869
878.266622951212
3002.0531739274
585.507125408055
784.84460171926
1158.75998143392
1357.31465894559
996.150323674513
717.351487401289
1322.73163622174
1647.9658356295
2553.16408652038
2897.88871464101
2765.78949955884
1588.58269016676
1750.40322947614
2899.04599762742
2733.54545386388
3428.0979549393
5498.86181461709
2755.02703689181
647.737776777324
1732.6299738466
2705.44040980883
2395.59821228617
1503.66011461039
1167.44021700488
3503.36775680161
2503.19331737942
1399.75656191719
1610.59285962254
3762.33931693447
1574.04557039434
4399.10428322417
1749.92014326408
965.156687065073
1932.51461450447
2183.07611563029
877.868106954815
3074.05626917532
326.785839243308
2183.28883975253
2739.69608070773
2077.1573715253
1411.95409830219
669.784576639505
2571.19341568499
245.870006549989
3609.76210323153
928.764919773572
2237.48264079627
960.036187283265
1324.70240005418
2727.10826330233
2151.64812154201
1137.78937311108
2293.88853482529
1412.21995609995
1276.67120284188
2754.50229751796
1473.9357607772
3236.31113108077
3258.96788367751
3206.71188418745
395.606780184433
2000.61763436836
542.119390490669
1433.71997231353
484.320791789494
1859.13039515758
782.21845062137
1294.69270560614
3739.59641958467
761.553858669898
1168.09753667117
1893.34696878196
1355.79444811778
236.449484675579
1847.79723408923
379.113452236952
1614.29459291261
316.868026514127
2160.81921997494
2116.67810001823
2087.07084256139
270.782985416721
1650.24264796548
1253.89790978395
3141.52595500181
3786.69552753043
245.568501580386
3786.29690158987
1208.17397498488
1509.151053118
1104.23369888535
495.04172088392
3348.74995946381
2240.66417742498
3850.97621207384
1846.0812061561
4790.61649130596
1059.19142124335
1882.2271670613
1859.09084414706
2242.86122079428
1299.3892265288
3024.60238850364
2179.43814090365
2824.94259256155
1735.18072930332
1433.28099104607
1097.22608429123
1643.00355754572
3507.26696555464
2274.01048815594
1079.22335417028
3155.62247477543
369.172826743187
2940.28295141692
797.228441972174
2641.82850017122
540.530579890566
1748.28451431972
2334.8572391398
1248.37412956147
895.938215654381
1403.10499124767
902.737832137257
3395.82190716844
3197.45655956757
2091.98181635501
4252.31001462096
2016.85873964429
611.127092997637
1629.45393314868
1352.99123736897
2136.59229576347
604.610625189456
971.048756523666
1190.00003616932
3665.62252054256
633.994076806194
936.353743070119
888.278592441841
2877.03850754323
1354.83292800581
990.54741401375
1969.51958503366
2923.57666920213
1479.26255955364
4044.07877636066
2107.77049552424
1933.88721492116
2377.37010143281
2766.31510961666
982.200297413248
1324.32932318228
867.92909393759
3236.40911155494
2121.12327481364
511.123395964883
1433.18925593522
2246.52819078894
6428.80992018674
2907.68333285793
1583.82663734943
481.332028857838
2851.76216046215
629.643586036221
3160.29609990662
1479.9671077381
1833.22665276341
3669.20981095485
3141.06852459593
2685.34138489437
1364.72363127953
1169.89101021423
1954.42004175914
538.303782251525
1502.04375930261
1945.68012734928
1594.4333203099
2110.61748288753
1399.49348705638
2281.37029825543
2377.7248778838
2682.75022813433
287.981570119841
1080.53823958904
1902.73362777012
2944.18535926417
2950.33870124633
912.014790340733
2109.05213681644
748.018359651708
1355.927555936
1162.61237708418
3444.21311046237
1310.93536234444
765.46559508734
2696.93370715152
463.507805834999
2273.23993239459
4084.8486640342
1000.08009277191
4239.26831637957
779.888257923139
2177.62939461997
1204.75290706675
4011.79523642642
656.807432814751
717.684132138034
1670.83559972299
2989.28263344331
1788.80597254615
553.983317786481
1414.97528713267
2395.66397931252
1380.50970941078
2463.87907329153
1792.42609998586
4171.72121449302
708.369165345597
496.319454463678
2639.33906083111
3118.87000793318
2399.18149740056
418.678206337162
2426.58398010642
1848.90210418919
924.975536731763
2011.75320925256
1494.84628023287
1758.5984807413
1213.3305053781
1067.20485973197
909.508995906185
330.240350519351
3045.12654596299
1590.40757946431
2000.01001957505
661.794534623119
1978.50837866099
2398.45698243478
1167.30690686229
1067.40272952495
1846.85203620908
2482.46009494077
2968.3044179381
707.140543482781
1767.77336921044
1763.35126286284
200.608221497507
857.802226631777
526.309661907166
1250.34297915684
2970.73460348842
2867.24164326929
1395.93065604152
1709.75013646071
3266.25749341638
1587.4960996209
1574.94987052507
1314.59881109312
1350.93689842472
2882.88733466206
1204.39552369311
1201.24857000424
1732.84202697132
2412.96994415895
1025.34490452978
1183.88956502353
2635.11194225595
2055.33626368648
1355.96928165829
3526.39752805458
756.811097735128
3077.12840023881
1813.64830961674
1064.10651016325
4893.93834168996
1615.1057610881
1258.97358266966
1202.67486724461
3020.67171388615
1542.59917618607
1742.4042667439
1992.95521466206
1018.1650868062
792.231939197641
2524.86396252655
2522.07686164597
2587.07925853628
1297.26407502545
4469.73021975552
2138.51561754562
1348.03456471188
1794.42383994884
1351.15161756719
1158.56053156479
1412.75520163705
795.54597463024
2441.51662484307
1060.53939731642
1213.18001359075
4087.74491973554
2192.8601063753
5006.96427373369
1967.02347014332
2579.74644620474
977.981295100204
1864.40485551767
402.630957009325
3392.75048626445
670.469485004043
2171.50488161316
633.484614648291
2353.57195221356
1022.25163766734
3643.59383000783
2817.69716816069
1859.41557719243
2243.34586331745
1033.96195982086
716.067793908508
2626.63975516686
2404.8230613991
896.246117574538
1874.41945061365
2812.15210351843
3071.73172193822
2054.81879261996
3375.01308960811
1511.10604939177
511.467299395097
1051.01277655371
783.956629560876
1735.96665031635
1003.45146434388
2252.35313958332
358.570792381932
1107.23226095668
623.573347586123
1174.94870595865
2436.03843887125
1575.21590957198
1673.81779150168
1342.25755892439
421.270336955828
2603.13154542846
1738.44873908638
1288.03878231293
572.424006214463
961.84050671019
2991.14028660244
1646.39051648655
1474.10675504534
2145.5091637504
912.754569733519
1048.16027981733
827.456099682701
800.250161847167
1095.45397427952
4276.57842532014
542.884211729173
1279.65921055486
453.361741893463
2252.50560323921
3705.54486000904
1873.65403323585
1294.2402668357
1297.48743133038
1306.95807892718
2419.98008593066
2044.40817433367
2078.7213337202
3026.97725005057
1259.82685403829
2376.93730458394
2423.73343705719
1694.21150559689
846.966748905558
2397.51552492671
2192.29023723055
2949.71550700052
3988.85708277114
1792.52490121268
1436.203864281
3911.86585257629
2711.2302880378
5236.64848871006
2246.49971737246
1826.58133881216
3211.92195391627
2110.11146343018
3556.33915342462
373.069766536636
2063.5023113424
1135.61408153802
1343.12676598805
559.03050122024
1919.6923242991
1935.64936322311
2507.86702007624
1143.10585724749
1232.93152156336
1011.52856215616
1863.29225717884
1840.55592898739
2695.93730233169
2247.99018835365
832.328401485979
1121.1315821685
1425.82326293373
1797.80827734495
994.053500145599
1306.51048887979
1830.41958952091
3226.25455929621
404.185395983089
2120.10247676194
4274.96048693468
1808.70381237765
201.550847360893
2555.89278615422
817.174321402128
909.783933176968
1778.10275961515
936.395942651256
2336.02328583157
2515.49707419277
4366.42235195719
1040.41991790877
2735.9326977856
877.074862984957
2102.37657186303
1883.28162533834
3137.69299479914
1212.93304711043
1740.39769180558
754.940303684403
1939.88631610819
2913.11263463033
2329.18831331219
452.944555094673
2812.38176846864
2157.90229525981
1786.77455310707
1838.9903555877
1280.46506683699
4613.09106776091
3034.91883704763
1093.43188909714
2276.1981895413
1646.20148611686
653.289642736356
2138.19269244185
2066.13895774753
2036.52165221661
1292.10549219804
1631.99757153221
829.893309049104
2460.78304758396
3439.03612756708
1195.31287792043
1712.33822243701
2767.18043342067
3298.83891501759
1161.80827424305
1262.94228554347
1437.3722819661
585.58630129696
602.169902092887
1661.79132895171
1775.77936518993
1048.13205822764
2048.42656099433
317.75143065754
2604.19868668434
1374.06237612284
304.248214824314
1526.554077955
1533.95693825086
4570.09651486671
1033.7890595144
1457.34823213667
810.406958759186
1753.82033385472
1079.91373881678
3061.05549138301
1637.11240257892
1666.29089349353
5621.42813790833
1832.93749541034
3416.74624178511
1628.4494970804
843.66588822831
694.098485793915
2032.33039894152
1192.8138562095
2279.841727625
2976.73077373429
2018.81748852068
1585.67599502349
1395.43045756921
3184.07211720099
2133.59896403432
3375.95583285226
4252.69668107551
934.645792030843
1652.75997496347
662.801148777288
2618.84928137157
3842.91359398294
1361.98706612531
1473.15767487746
377.950530997053
647.224786431906
2081.77507530153
2085.96406852253
3618.79416820707
2596.03468900361
1038.27099048416
442.887798969045
2465.62198721718
2861.64388017166
800.891048019304
2673.45413387729
2887.48482814738
1907.28150713295
642.900523772436
236.911911004083
2500.07725222762
1297.11916497003
2857.8685885508
1471.55965151173
385.754923427447
2087.37709911766
1630.9711117
2777.23329965311
2082.50381064362
1419.17062773936
3711.80370125463
317.29623753445
1992.79552092494
1409.64327213262
2859.0605683742
2295.40840567626
837.854888519341
498.084849105356
1209.61635595005
2848.95379985848
1512.20680950424
4877.12605967636
1049.08017287316
2099.68049553841
3313.83872038256
2169.41464567403
872.037001905396
1775.40767560339
936.13798139028
1507.17402902053
3032.30976412442
1654.66540719587
1845.58337409744
1435.48838201893
533.128542209887
1357.5142923817
1798.2822597577
1715.7125547519
2261.12932149337
1063.05707944282
1227.75421181792
1248.28369169174
3029.041696413
2123.21152973753
621.587865383072
671.271641918435
699.279898020282
1528.8019750425
2304.2530589491
331.597355804596
2723.66020613988
3107.69267413458
2097.68804544775
1977.08768250962
2691.1268386521
274.886946444702
1651.17203247003
1283.72151359262
2722.88331676907
2470.13293035288
3998.3920782868
1862.30755110493
1523.35854089919
718.320635554352
2440.78875920025
2552.08309995927
1580.84634341878
1035.54290508343
2440.40868818934
1478.03240511949
849.132863906809
2163.61001775198
2120.62101420869
1323.00806478677
1890.14230170809
3112.39868620767
989.093588338562
2120.28899348449
3691.07255298121
377.537430704095
583.096335221299
569.529394119038
1211.66965920829
2893.19900485101
4469.63008999956
543.673965780914
2775.06628318697
2593.4575347233
2946.63678786063
1338.38444605927
479.445923819366
1486.84680239218
975.75841575054
1000.43619458331
2536.06777029939
2999.07798879259
1778.469618986
1319.44118253911
2104.98259835777
2394.63162382029
847.671663213932
1852.07756789203
1166.14917126887
655.652393406192
1089.04775798583
3647.33655540304
1081.87309250807
3430.06171379888
2075.84415934024
2384.42672402937
2894.83253057891
1703.91973670869
2063.14673019326
1557.83807266849
1363.24155358315
401.617431740912
4425.37439228295
2110.20276701321
1555.53281354358
1426.62728119421
2485.05555122355
515.110377708264
1296.39058115866
1575.94160292187
3113.58604070596
3645.78961786167
2025.9283380147
844.319000644637
1768.74519329788
1449.6215024356
998.905136945022
3299.3246258038
901.971954579628
487.641150947731
2245.10994004456
937.55187695884
1934.68968406491
3801.1338114208
1784.39267958386
1451.96222629404
1523.35341431942
4747.03187021311
3785.69622020316
2729.98658409149
1838.19272839704
1428.86706039454
2640.04311358941
687.102114485647
2432.24855201416
1913.78216062679
2199.3151220815
2064.72461478202
1514.07759625186
312.037638516677
1941.78931797179
2404.18222922002
4294.538850719
1829.22226260158
761.908957295541
1408.84104628434
245.376060668
2750.90670833463
678.156933969146
3280.39354349357
1918.66363004853
1922.95904727954
2557.01977044043
3465.45986679373
1302.80830016466
232.831652765585
2747.308840276
1035.78628174063
2137.76113142654
1802.53286524138
1553.95454613992
509.366742469367
455.910043452235
2135.97066939547
1958.01797216675
2110.09495292984
4723.1829706747
2626.50714618986
2750.808673793
1475.26820465931
1851.39015621636
1535.19654386482
1677.7251244573
4193.71138059604
1898.32589186844
1143.68938305145
2642.8692094624
3317.55999882995
2081.45546820383
1476.91868993542
955.147537317219
2939.76823249173
2147.15258735726
1220.28819457551
1873.91813870203
1191.00431064756
885.931896407424
763.024472802581
1565.62377473344
3710.17957823783
1640.59020386728
3711.56096520524
1472.80699519419
1182.40327637572
2059.13503046358
2410.86287776051
579.259522497279
2228.27496073521
2623.14095134702
1645.73558013215
2935.18414621043
1473.02126868883
1438.79672973993
1675.33462860833
2645.84087345805
1063.7547130646
2089.98430880071
2648.71401005071
1753.74704178425
1365.50283431953
5178.76066475024
2212.22829310403
1734.07569044701
890.761968123644
426.2048938241
2970.01134131542
1408.87751062447
2930.60315781963
847.873903407455
1736.38746145752
1320.83573706559
2572.3339519815
2102.64509911202
1863.98813064758
755.859603003069
1245.23995192412
2838.65087926455
1360.54650361306
2172.12758980916
2757.78179849117
2397.64986466904
1220.53942921895
1246.00859745056
2233.31716363727
2289.08280154252
1198.52747849238
2905.62732956268
286.738999491921
737.322894378355
1948.75777678923
1917.26947583894
2545.31907861185
2069.9321457913
590.344107859746
1062.68127304756
1516.40552838998
2414.96640057404
2838.67452491401
1309.34513288428
2289.66849246738
1291.13747869967
3006.40626578137
292.013265165866
1308.62892991785
1421.39179894057
2763.33519960452
430.751251243474
1920.49489543963
2341.27510721423
3394.54085392532
1584.48514903653
606.154447756886
1176.60628052448
2315.99245894837
1873.44863770439
852.173113144665
2317.69322236761
522.429123737342
2407.42767278062
2042.80682370687
2898.95564774218
4326.22644513586
1220.87888993514
2085.38589434701
5315.8044861345
1162.16080809675
603.970951688278
1754.31362886836
1505.61222328367
270.802686399885
2116.81346114951
1813.07578599944
427.833356573028
1601.34242003569
1598.66816654562
1569.60045152445
932.127292677736
899.764437222694
2095.85521833865
1368.02130713632
678.16576549001
415.580630547989
2606.99818991198
2801.93907151847
1395.41633169995
3069.7887412626
2679.13632102561
1596.4471803598
1040.85504011991
2356.07606092959
2949.54538100655
2124.94722301272
2264.1817794193
319.974547869026
2171.37435967126
1145.45854438582
2280.44002043016
475.044380909566
1910.6371071435
1199.24659624634
417.534180827601
861.269403195383
480.843831016338
1289.53623423018
1392.33741747061
3218.93298765903
2760.34227569979
1759.36816956133
1939.56832120826
1299.53810821829
1050.99647653872
1872.74770734018
1776.669461817
1234.04711309053
2283.5937436018
2894.0578466636
2186.32720857794
1840.21161027703
1030.5044712551
1580.73779312176
1613.48851747166
2147.06672274829
1579.78813026965
1255.05638194725
1821.83821918021
1042.62338360676
735.486528487062
1011.59915869123
1161.84490950045
1491.61170357468
1042.45474924923
1085.01766492844
3541.06924276678
496.967424493754
1648.55272899157
699.585597921138
1675.9479987355
682.670591946836
3245.05777621438
1782.24536274443
1601.7572021993
2934.3279020225
2088.10727109115
1588.26935457144
1916.29377404617
1738.66474507745
828.375479518001
184.991216305897
1012.41977791634
3332.48763222639
1520.05636199332
2727.75551082895
1160.95583814861
1739.33216099019
2889.45181427682
2365.30393830981
1353.22980119006
2306.28812574263
3013.24045668532
1713.05166385603
1568.2936075689
2307.83408579513
1191.28409148382
3044.93732130336
1438.93173108998
1637.49940221144
1544.56544460632
3055.15990472002
688.609136940834
2399.0082137875
2976.65255151318
524.424211424335
1318.02834106378
2196.18765098796
3119.35285339699
2717.60067530465
2277.16015214566
4020.4625044774
1712.25242688051
3409.84015275629
753.188330198492
2621.83338069452
2489.26172241254
1253.94634425644
1959.61230326769
2968.08419312364
588.283657192325
1572.15643527176
848.413872585499
3407.03621601554
2036.63613591173
1141.97582901642
2002.13172141868
1246.81755155734
1224.59691942795
1166.24541619626
2632.47243398061
5765.45941607722
1923.79724396713
1030.76264282998
1357.20182767766
1388.8788512953
1149.48386238887
1901.93514358983
778.226005086965
1706.53799221799
1862.53263592825
4497.70741169387
3750.37751736859
731.045582902898
3575.08621737369
1564.01631737612
1414.79938054124
1732.8580143913
972.637745004572
1077.60102374454
2405.11446418296
1127.55603999267
4489.70210220685
1945.36251019313
2241.71674321647
2985.1326294906
817.8553457424
704.196222784622
1176.52843366286
1038.00512850295
1770.37889571978
1677.77579464463
595.745217098913
2658.10009986696
3937.23293469271
1526.29222874405
1742.44173005031
2891.03841420543
1775.46899711975
1302.92925209989
2551.98943201833
2806.77866301268
549.113617286131
3112.22018711368
1959.26645490295
3652.39988509843
1719.39412884259
881.053839883326
1754.02454538023
4022.68617395351
475.654942066326
1582.99519398038
2597.46443057609
860.497525822969
575.645670933357
2015.96667777061
252.151987213688
3015.49343728436
2042.58398706005
637.510391067435
650.894131419127
3033.00207857638
1209.36698160945
2009.2900551768
3401.45460987206
2972.64622755304
1451.20163918946
1773.41905055527
1828.61257493017
886.018059416162
302.521175058737
1260.77359484783
2145.2446323875
1196.87395790239
1865.66134282162
3102.72974680379
1021.42664547441
1690.60334939136
888.552209167698
1391.40925821961
1356.34080779938
1873.16443999106
2025.08476329844
4058.43450020332
892.659966706495
806.41420217775
562.02861384394
1970.88227438358
2549.85149090532
2087.88668589152
2666.62098451614
330.519287187996
2592.58680484415
2920.78305323878
917.012903208457
1314.99306340793
613.146004910976
3011.89449103084
1466.18318760492
2171.64972193843
3184.02358389513
2085.30826987294
2406.02345833514
3036.91253741614
2460.458013406
1269.80535251243
767.244717973867
1129.32591836389
2526.5166859935
1797.26785488311
1750.36716303883
3499.92365488908
1385.72945739938
3034.23292886486
2152.61015464119
1651.86480248294
471.264242556472
2729.69033833539
2155.7222957329
1292.21935319653
1710.45635930931
1331.19298871481
3214.22546704825
2429.09689571945
2632.92056860715
1799.02564840331
1501.06846485809
3149.66936645995
1789.90062766662
3585.55425515536
3290.52261955793
375.901910451519
1565.47502237722
1983.93450877355
1891.21748046314
1134.2234553519
1923.67577713713
1969.71964223512
1116.89100688044
3629.49726861932
2712.7724399651
2138.75734809551
4979.15358615773
2419.92119358622
1052.95153327011
1978.88890096538
3941.82139667057
1295.52129634139
2234.82175299492
2218.98033294024
1142.94616409029
1350.7105005241
2212.79404498522
1939.75430118687
2028.23381271735
1538.68338968976
3191.81249959641
3195.94592850664
2183.15229386828
3587.82078807579
3852.41082498519
1304.04994558221
1511.57604308547
745.317214167864
1463.52927703693
304.796584323498
1361.69956208892
3604.18629841436
1645.37939022889
3000.21399504292
1115.87799965752
347.080364365202
1809.35674749575
979.981210099314
3202.58432424437
3218.01058403619
2903.46493883226
703.199344816777
2200.56580099562
1346.13512259415
437.327290828869
2816.09340057159
1449.84938780389
2440.56539887547
311.153790304275
270.277063750789
2780.71986216192
1642.58126914111
2242.46572981573
2570.27663033412
4314.73310989245
1738.83012645083
1379.85152327001
3270.40314970482
3025.07712069725
1850.68486139124
1267.25455096899
760.072861943376
749.300447264876
3003.18567949381
2479.03671929572
2525.93781822356
1269.9606028345
619.285895107903
218.960909277185
1260.20910342212
1430.17992663594
930.675364217598
5347.89697569264
293.114296685815
1121.43685984123
900.481093578158
898.997745149863
2748.75621807749
3754.68533025938
2248.55896958873
797.277033606126
993.191041127877
1451.93140551193
2405.00428116579
3229.24420665827
3294.84913129147
777.413385517696
1289.91856517667
1558.57360922267
1961.09291686448
1408.84265417394
1551.18306985852
1203.93895704
3755.70003626415
2045.54983516029
211.062445533212
1776.06555831815
727.322409580071
1440.76022432662
2227.55991531959
5491.88207491747
413.796137807113
2198.90301530223
1579.72817202482
965.994657916749
1713.5469523151
2866.67491783275
1882.73287637393
2226.98730429357
2739.10704319543
2148.01405706837
1881.06601378187
1284.9442193115
1727.9114118636
1732.3407455389
1762.44228549336
3962.48227802607
4442.23978215954
3640.34427535752
3817.26343475494
1178.18490858187
1799.1260799246
934.383819107156
725.616040461848
2078.26954411255
1302.37463334984
3467.51431266959
3401.32228021383
1550.137272109
1055.40812022909
2453.42006166064
972.104752173802
1082.08085304987
1876.15554626182
1804.64763581171
3289.69402292229
1755.14823624638
3331.13658071389
2499.92732442819
1336.11827190845
768.262568135514
1108.28200329709
4365.72223539814
1787.24469479995
832.014800056786
2040.05933091937
1316.16219117509
1903.12689717286
2159.91499135276
2454.01471585986
2645.85202031883
969.007174788832
409.331664003483
1525.08597220543
1100.44378785266
918.267422107503
2154.94330973002
1592.40635351358
1977.11089537252
1561.94458482706
171.163895502483
1208.0751532898
2913.33174237378
996.752474812843
1426.37062562572
2375.26583010253
2013.56408297404
1998.29771336249
2310.11895178287
4003.33330573471
1739.82023979724
477.664893197077
2183.30082171404
2841.28613525743
2620.09468309248
2334.2590448265
3639.10641743001
3933.38783874157
1511.73916353643
774.168978234198
2179.93368580863
1191.71426311671
1928.3188285881
3132.98305163372
471.08327613007
1714.6603445877
1013.8109014272
594.700402153725
1762.53809565692
1950.48049543008
1436.30993516761
288.715735724263
1652.36199318022
1658.87231595836
1640.96391767704
2043.45858582221
2996.23958561368
625.212515723535
3217.48940108418
1060.86086759128
2621.68415197064
1173.81379163617
2234.13036571097
1479.8802725868
1212.48684662726
2147.03802759528
2134.49084617697
3865.91356311621
1144.53715369266
1435.55397343107
1304.98147775122
3474.51364379279
2885.73948489333
1872.60138720344
1791.6100642414
1980.79077238356
1285.67919296768
2090.77114655801
620.869241960738
1214.86833164804
910.53492290477
2446.87056625072
2972.46149045555
1103.67064578972
2928.91076232604
2514.14546662373
1303.12698956799
2207.44775892269
972.912547838055
1225.19763466082
2454.83980651563
1877.70706507327
1110.74921668327
454.277713834615
2044.83167060855
2739.14461968098
2040.38841713163
1908.77022588751
1679.27222622071
1100.01211829602
3131.17105485373
1268.71690673296
183.987128697873
2171.79280785574
1397.33475639247
1724.35496398394
1078.5565708152
3526.29029750859
778.333492905446
973.836395244592
1336.71428806445
2103.92607150843
1599.09390776534
2011.54914767504
5023.9564416944
950.783283638332
2018.57924199922
1046.25795117417
2796.85075556102
1233.87750133037
3343.22483152321
1485.45548268224
1530.09867102669
1533.43701749437
4580.9088936249
2708.16845202338
1409.42794065889
1995.38383337529
924.97793506214
4258.14266282102
1953.52962100913
2538.04274123101
2070.06620476452
2424.09321980103
2889.02514492902
3254.57709986449
2440.25852840451
1572.52592714102
1623.34690794658
2631.17404866132
1288.71587759249
808.409431286893
4223.1233546095
1466.54668859081
763.836177300617
2680.00483748039
3960.90603742786
1716.27843122794
2088.23016533766
1984.796083796
5035.69284666622
1792.113029663
2048.55116020905
2352.85409462379
2719.02573434449
2344.26296861745
2284.97588621761
453.917895431628
698.192800034845
2240.06789443146
3896.15448290155
909.258212668423
1193.35739760758
2198.09757184259
1543.63553094199
1288.60736665672
3611.46223248778
1721.79037283071
1110.03814019424
2761.45842021545
4290.87990516112
1082.97532078604
1328.56079409582
377.400868070964
1461.59581468814
330.220698639972
3238.25752052166
2200.50059549924
2459.18955466919
2998.45773714065
3227.23058269953
1128.37391766817
1553.29186915611
1435.6514339735
1666.91207375614
1965.7802175226
1741.29438918074
2968.29085890562
1438.50713165005
584.092721054814
3022.38658878998
2629.86506030651
565.784335555061
1629.45145446133
188.921013866407
2227.64950858661
2148.73857529722
1231.51702626274
228.61699675024
539.64127499915
2616.10059533539
1745.63034336328
2529.66395364608
2329.08648047939
3177.18052874905
1045.27363618485
2060.05196216614
3025.84129893483
2349.14309952878
973.293738614851
1968.54004890742
4263.00340384345
1630.70105378389
1623.42557963915
2255.49160258897
842.155977181355
3147.84502665048
961.089362082673
2684.78223031561
445.82659710581
2607.34405196879
457.447132301442
3612.07432560162
1847.38693500752
1450.86984375046
3182.49084016688
3059.21910907865
497.151982013625
3248.13942348067
2132.43071576165
871.228628056796
2026.5084043676
1631.06319047657
3439.17554997604
3266.38797708611
2049.15338365648
2843.83524834129
1858.55701526077
2943.27474551801
2082.52357389109
2923.43231095788
1697.85480284637
459.697671383309
3463.15470111039
2687.57111579771
2777.05158056004
642.918925958679
1997.78965968378
781.684630909687
1588.88719951508
1397.94204799304
1747.63545541465
2985.4359543297
3215.50991320898
4180.35545673371
1591.24239166674
2539.88639568819
2006.91557936494
4394.7307019266
1324.54052448509
1235.22801764136
287.74445322079
963.921280262355
1071.69709516543
3442.11954252174
2261.4501145077
977.26886982655
571.094221221598
2763.13084365786
1859.27062766764
866.134831308045
3177.17880659401
2264.89304257258
1829.2736877544
188.667791950099
717.911514309471
706.882778129827
2275.34183870894
3024.03784641734
2754.43053904688
715.820065359368
1030.02204559636
2656.91935386668
529.591936149688
3455.32661145991
1112.80510682467
2199.54764049494
1021.13209729027
1337.14979607857
1357.93778324494
831.812678261913
1407.10757404784
438.58398913557
1776.09387458573
1766.9718120423
1779.96405628627
2549.04862574055
3887.17610508026
1083.69665297885
1565.77609606115
1961.808513492
2252.41061379073
1171.28623816389
1455.74730117995
1749.61583821169
1132.02588415175
2015.24010463497
1962.77053302315
2069.9197289906
513.617711216193
496.988378032139
4004.41062947579
2208.18023495686
4060.60911465629
4445.89377449092
3106.98759453905
1272.60617392239
2598.72280390007
804.881397816381
2794.20106026281
3070.35187137224
1230.24659465778
839.300368178182
1240.46398106506
2756.35767855092
1079.17392182743
2753.03835282051
2519.11099418473
907.887107006556
794.723962312163
3387.90418558562
1262.78977455764
826.167216815092
1701.38828480624
712.067278081738
863.667470548832
685.193000542029
1313.76435088386
882.119552741796
463.700897252592
1102.78458775654
240.521031316322
1974.47207397082
1583.90382858919
1967.16785992799
1990.32506500161
2670.63628615489
951.954623476501
3835.5329756172
