2.12529076214847
1.96327133515558
2.16712572248201
1.68094383957244
1.93409844563693
2.1640936768236
1.9025141895143
1.85233505897416
1.8848437296693
2.06107767743127
1.69764376630983
1.92203135271771
2.12424811610836
2.4429399774355
1.77501381637138
2.00898672180305
2.00323805261979
1.81123275786294
1.83575576098038
1.8812197357565
1.81620452567836
1.84357273985379
1.98508700332696
2.39787033917267
1.87603485042106
2.0112257479058
2.03115910134107
2.29415047677985
2.09563001102172
1.91641168796006
1.72826408969419
2.0205575454686
1.92246567768813
2.01076100811658
2.27541191136572
2.08299891265994
2.07885799074207
2.01186267934224
1.77999492560322
1.84736485030849
2.03290471925072
2.0506723360273
1.86060732491905
1.88866736026527
2.1377511389099
2.14149903139242
1.92708360757263
1.84629341509692
2.02246924243005
1.82377845470916
1.92037882392659
2.12240527865015
1.93177606171511
2.22587261921616
1.71339525965979
1.60392002029883
2.0734442952933
2.20882692526331
1.88605607451152
2.02701092077616
1.51967644789904
2.00784800054663
1.86205212750984
1.99439956824387
2.14865464177648
1.96224154009713
2.36099172577821
1.70688902768742
1.96934933235762
1.56547766592757
1.90489809422007
2.14198928618436
1.87785472930219
2.18681952632885
2.25072668004782
1.94171075289651
2.08865837464369
1.99977892967368
1.98513173516967
2.11790418923761
2.1137337465637
2.02703572302477
1.76438260068536
2.30471336008595
1.88121076247432
1.9334099257573
1.78738003254473
2.06083678472686
1.92599623801674
1.94658024184555
2.10850400619833
1.75842643880337
1.76791947686101
1.859957270097
1.68263330909183
1.88830271488694
2.25531844169161
2.11465308284738
2.24492252297967
2.09468012728786
2.12407333544482
1.99157682537115
2.18218432971049
1.96839424551918
2.13091692878376
1.64654254612547
1.85665850479656
1.81796515410095
1.92316292843473
1.66356478389612
